0610008F07Rik	0.00964231	0.96079	0.0295678
0610010D20Rik	0.00848504	0.957429	0.0340857
0610012D14Rik	0.000571006	0.606867	0.392562
0710005I19Rik	1.20104e-05	0.026192	0.973796
1100001E04Rik	1.01327e-05	0.00422309	0.995767
1110001D15Rik	0.000292552	0.460966	0.538741
1110002H13Rik	1.33362e-05	0.0363405	0.963646
1110006O24Rik	9.93517e-05	0.261176	0.738725
1110017D15Rik	0.0019728	0.842199	0.155828
1110018M03Rik	0.000490828	0.573478	0.426031
1110020C03Rik	0.00388669	0.916543	0.0795701
1110028C15Rik	0.00969229	0.96091	0.029398
1110032A04Rik	3.44348e-05	0.125033	0.874932
1110049B09Rik	0.0004092	0.533375	0.466216
1190002H23Rik	0.000291433	0.460158	0.53955
1190003M12Rik	0.0121299	0.964986	0.0228838
1200009O22Rik	0.000791443	0.677487	0.321721
1200013B08Rik	0.00155368	0.805715	0.192731
1200015N20Rik	0.121407	0.876979	0.00161366
1300002K09Rik	1.00061e-05	0.000485844	0.999504
1300007F04Rik	1.10951e-05	0.0175852	0.982404
1500041B16Rik	0.00153286	0.803497	0.19497
1600015H20Rik	1.11387e-05	0.0180449	0.981944
1600015I10Rik	0.000626989	0.62738	0.371993
1700001C02Rik	1.62537e-05	0.054196	0.945788
1700001C19Rik	0.000802556	0.680424	0.318773
1700001E04Rik	0.000684868	0.646574	0.352741
1700001F09Rik	1.00047e-05	0.00040849	0.999582
1700001O22Rik	0.000132821	0.308751	0.691116
1700001P01Rik	0.000161468	0.343417	0.656422
1700003F12Rik	0.00217261	0.8554	0.142428
1700003M02Rik	7.48889e-05	0.219369	0.780556
1700007G11Rik	1.02755e-05	0.0069665	0.993023
1700007K09Rik	0.00157413	0.80785	0.190575
1700008F21Rik	1.00002e-05	7.35757e-05	0.999916
1700008G05Rik	3.32784e-05	0.121477	0.878489
1700008I05Rik	1.00748e-05	0.00283716	0.997153
1700010A17Rik	7.63784e-05	0.222142	0.777782
1700010D01Rik	7.27019e-05	0.215236	0.784691
1700010H22Rik	1.00497e-05	0.00213088	0.997859
1700011F03Rik	0.00413011	0.92123	0.0746403
1700011H14Rik	1.03009e-05	0.0073974	0.992592
1700011J10Rik	1.02606e-05	0.00670811	0.993282
1700012A03Rik	1.0007e-05	0.000535434	0.999455
1700012A16Rik	0.0132994	0.966057	0.0206439
1700012B09Rik	8.41326e-05	0.236055	0.763861
1700013G24Rik	3.5022e-05	0.126809	0.873156
1700015E13Rik	0.000165733	0.348204	0.651631
1700016D06Rik	1.00507e-05	0.00216118	0.997829
1700016G05Rik	0.00102678	0.730682	0.268291
1700016K19Rik	1.11677e-05	0.0183468	0.981642
1700017N19Rik	1.00157e-05	0.000947641	0.999042
1700018B08Rik	0.0100777	0.961775	0.0281475
1700018C11Rik	1.44793e-05	0.0438727	0.956113
1700018L24Rik	1.1732e-05	0.0237661	0.976222
1700019G17Rik	0.00422331	0.922878	0.0728987
1700019L03Rik	1.01269e-05	0.00409467	0.995895
1700019N12Rik	0.859163	0.140819	1.81509e-05
1700019P01Rik	0.0015055	0.80051	0.197985
1700020D05Rik	1.00753e-05	0.00285053	0.997139
1700020N15Rik	5.74371e-05	0.183978	0.815964
1700023E05Rik	0.00612101	0.945017	0.0488616
1700023I07Rik	1.00216e-05	0.00118632	0.998804
1700025D03Rik	0.00192198	0.838474	0.159604
1700025E21Rik	0.000602274	0.618578	0.38082
1700025F22Rik	1.00002e-05	7.57592e-05	0.999914
1700026L06Rik	0.00694704	0.95053	0.0425234
1700027A23Rik	0.000220852	0.403276	0.596503
1700028P14Rik	1.06912e-05	0.0129541	0.987035
1700029F12Rik	0.000363034	0.507219	0.492418
1700029H14Rik	2.22321e-05	0.0822803	0.917697
1700029I08Rik	0.00192798	0.838923	0.159149
1700029I15Rik	3.93277e-05	0.13928	0.860681
1700030F18Rik	1.07451e-05	0.0136197	0.98637
1700030J22Rik	3.32842e-05	0.121495	0.878471
1700034K16Rik	3.35782e-05	0.122407	0.87756
1700034O15Rik	0.000603322	0.618959	0.380437
1700039E15Rik	2.85158e-05	0.105902	0.89407
1700040L02Rik	1.01022e-05	0.00352441	0.996465
1700041C02Rik	0.00021034	0.393628	0.606161
1700042G07Rik	0.000113906	0.282985	0.716901
1700049G17Rik	1.00049e-05	0.000417877	0.999572
1700049K14Rik	2.96139e-05	0.10964	0.89033
1700054O13Rik	1.01396e-05	0.00437244	0.995617
1700057G04Rik	1.24628e-05	0.029881	0.970107
1700057K13Rik	3.81822e-05	0.136051	0.863911
1700058C13Rik	0.000614061	0.622824	0.376562
1700061G19Rik	0.224805	0.774498	0.000696577
1700065D16Rik	1.00022e-05	0.0002424	0.999748
1700065I17Rik	0.000845366	0.691293	0.307861
1700067K01Rik	0.00198511	0.843077	0.154938
1700067P10Rik	1.17704e-05	0.0241088	0.975879
1700071K01Rik	0.0492328	0.946048	0.00471962
1700072E05Rik	1.00207e-05	0.00115195	0.998838
1700074P13Rik	1.00013e-05	0.000176134	0.999814
1700080E11Rik	0.000103301	0.267287	0.73261
1700081D17Rik	1.00844e-05	0.00308506	0.996905
1700088E04Rik	0.015958	0.967212	0.0168304
1700093K21Rik	1.00079e-05	0.000583061	0.999407
1700102P08Rik	1.53972e-05	0.0493833	0.950601
1700109H08Rik	2.0032e-05	0.0728077	0.927172
1700110M21Rik	1.94716e-05	0.0702589	0.929722
1700113O17Rik	1.93571e-05	0.0697305	0.93025
1700123K08Rik	0.000356428	0.503234	0.49641
1810007E14Rik	1.10043e-05	0.0166072	0.983382
1810008K16Rik	1.00024e-05	0.000260251	0.99973
1810008N23Rik	1.00058e-05	0.000472608	0.999517
1810010M01Rik	0.000106027	0.271419	0.728475
1810012P15Rik	0.0297572	0.961888	0.00835522
1810019J16Rik	0.0104246	0.962471	0.0271047
1810065E05Rik	1.38235e-05	0.0396581	0.960328
1810073H04Rik	0.000191194	0.375088	0.624721
2010001M09Rik	0.0592235	0.93696	0.00381608
2010005H15Rik	1.05472e-05	0.0110789	0.988911
2010106E10Rik	1.00009e-05	0.000148007	0.999842
2010107G12Rik	7.37999e-05	0.217321	0.782606
2200002J24Rik	0.000811722	0.68281	0.316378
2200002K05Rik	0.0240916	0.96531	0.0105981
2210009G21Rik	0.0930577	0.904703	0.00223964
2210010C04Rik	0.00215333	0.854218	0.143629
2210012G02Rik	0.0169892	0.967322	0.015689
2210020M01Rik	0.000113995	0.283112	0.716774
2210023G05Rik	1.81836e-05	0.0641503	0.935831
2210407C18Rik	0.000191987	0.375881	0.623927
2210408I21Rik	0.000187165	0.371012	0.628801
2210415F13Rik	1.04878e-05	0.0102555	0.989734
2210417D09Rik	0.000587172	0.613005	0.386408
2300006N05Rik	0.000623743	0.626245	0.373131
2310002B06Rik	0.000261363	0.437437	0.562301
2310002B14Rik	0.00277466	0.884879	0.112346
2310002L09Rik	1.24337e-05	0.0296516	0.970336
2310003F16Rik	0.000711155	0.654695	0.344594
2310005G13Rik	1.04505e-05	0.00972072	0.990269
2310007B03Rik	1.00136e-05	0.000856606	0.999133
2310010M24Rik	1.00776e-05	0.00291123	0.997079
2310016F22Rik	8.98113e-05	0.245741	0.754169
2310031A18Rik	0.00170626	0.820662	0.177632
2310038E17Rik	1.00206e-05	0.00114604	0.998844
2310039E09Rik	0.00969786	0.960923	0.0293792
2310040M23Rik	1.00066e-05	0.00051361	0.999476
2310042E22Rik	7.78917e-05	0.224924	0.774998
2310045A20Rik	0.00345707	0.906655	0.0898875
2310051M13Rik	1.11902e-05	0.0185782	0.981411
2310057N15Rik	1.00039e-05	0.000360333	0.99963
2310076L09Rik	0.000671786	0.642399	0.356929
2410018L13Rik$2410018L13Rik	0.00600281	0.944083	0.0499141
2410066E13Rik	0.00730619	0.952469	0.0402247
2510009E07Rik	0.000280921	0.452442	0.547277
2510027J23Rik	3.36075e-05	0.122497	0.877469
2510048L02Rik	1.31918e-05	0.0353218	0.964665
2610034M16Rik	1.03577e-05	0.00831825	0.991671
2610109H07Rik	0.000534276	0.592213	0.407252
2610110G12Rik	0.0010676	0.7383	0.260632
2610301F02Rik	0.000303109	0.468462	0.531235
2810030E01Rik	1.00146e-05	0.000900044	0.99909
2810046L04Rik	0.874553	0.12543	1.64925e-05
2810055F11Rik	0.00529608	0.937506	0.0571984
2810408A11Rik	0.0261671	0.964176	0.00965721
2810410C14Rik	0.00021557	0.398473	0.601312
2810426N06Rik	0.0126514	0.965517	0.0218312
2810439F02Rik	0.00190682	0.837332	0.160761
2810487A22Rik	9.11472e-05	0.247963	0.751946
2900005J15Rik	0.000616826	0.623807	0.375576
2900009I07Rik	1.01045e-05	0.00358007	0.99641
2900024O10Rik	0.00766057	0.954166	0.0381737
2900026A02Rik	6.27425e-05	0.195367	0.804571
2900046G09Rik	0.000412453	0.535114	0.464474
2900083I11Rik	0.000187999	0.371861	0.627951
2900092C05Rik	1.00044e-05	0.000388543	0.999601
2900093B09Rik	0.0122856	0.965155	0.0225597
3-Mar	1.06135e-05	0.0119613	0.988028
3110002H16Rik	0.00412817	0.921195	0.0746773
3110032G18Rik	5.1901e-05	0.17138	0.828568
3110035E14Rik	3.35694e-05	0.12238	0.877587
3110057O12Rik	3.27153e-05	0.119717	0.880251
3222401L13Rik	0.000133111	0.309127	0.69074
3322402L07Rik	6.08079e-05	0.191285	0.808654
3830403N18Rik	1.00012e-05	0.000167876	0.999822
3830417A13Rik	0.12726	0.871219	0.00152025
4-Mar	0.000551545	0.59923	0.400219
4430402I18Rik	1.30406e-05	0.0342364	0.965751
4432416J03Rik	1.00289e-05	0.00145438	0.998536
4631422O05Rik	0.0441724	0.950486	0.00534175
4631426E05Rik	1.23254e-05	0.0287902	0.971197
4632417N05Rik	0.000323241	0.482168	0.517509
4632433K11Rik	1.2182e-05	0.0276247	0.972363
4732415M23Rik	0.000369446	0.511027	0.488604
4732429D16Rik	0.00140495	0.788778	0.209817
4732435N03Rik	0.000550673	0.598881	0.400568
4732454E20Rik	1.0017e-05	0.0010017	0.998988
4831426I19Rik	0.003686	0.91221	0.0841044
4833409A17Rik	0.00200408	0.844412	0.153584
4833413O15Rik	1.00003e-05	9.02933e-05	0.9999
4833420G17Rik	0.649452	0.350482	6.653e-05
4833422F24Rik	1.2421e-05	0.0295516	0.970436
4833423E24Rik	0.000244773	0.423986	0.575769
4921504I05Rik	0.000172296	0.355402	0.644426
4921506M07Rik	1.94303e-05	0.0700686	0.929912
4921507P07Rik	1.18349e-05	0.0246784	0.97531
4921511C04Rik	0.0014947	0.799308	0.199198
4921517D21Rik	1.15283e-05	0.0218979	0.978091
4921517D22Rik	0.000635576	0.630349	0.369015
4921520G13Rik	1.80273e-05	0.0633827	0.936599
4921521K07Rik	1.00179e-05	0.00103907	0.998951
4921522P10Rik	1.00124e-05	0.000803413	0.999187
4921530L21Rik	1.00744e-05	0.00282602	0.997164
4921537P18Rik	1.00111e-05	0.000743632	0.999246
4922502D21Rik	1.0001e-05	0.000152193	0.999838
4930403C10Rik	1.19491e-05	0.0256692	0.974319
4930404H21Rik	1.00087e-05	0.000622963	0.999367
4930404N11Rik	0.0402269	0.953832	0.00594145
4930408O21Rik	4.22001e-05	0.147123	0.852835
4930412F15Rik	1.46697e-05	0.0450501	0.954935
4930425N13Rik	1.00095e-05	0.000663047	0.999327
4930430A15Rik	1.00244e-05	0.00129236	0.998698
4930432K09Rik	0.00321259	0.899871	0.0969168
4930432K21Rik	0.0105942	0.962785	0.0266209
4930434E21Rik	0.00140367	0.788621	0.209975
4930451C15Rik	1.00093e-05	0.000656376	0.999334
4930451I11Rik	0.00756727	0.953738	0.0386944
4930452B06Rik	0.035673	0.957519	0.00680811
4930473A06Rik	1.48558e-05	0.0461828	0.953802
4930481F22Rik	6.0753e-05	0.191168	0.808771
4930483J18Rik	0.000171668	0.354722	0.645106
4930486G11Rik	0.0447986	0.949945	0.00525676
4930502E18Rik	0.312422	0.68717	0.000407825
4930503B20Rik	1.01385e-05	0.00434993	0.99564
4930504O13Rik	1.17555e-05	0.0239761	0.976012
4930511I11Rik	3.72327e-05	0.133327	0.866635
4930511J11Rik	0.00177927	0.827084	0.171137
4930511M11Rik	3.24011e-05	0.118726	0.881242
4930517K23Rik	0.00711657	0.951475	0.0414086
4930519N16Rik	4.0966e-05	0.143796	0.856163
4930521A18Rik	1.0003e-05	0.000301958	0.999688
4930522H14Rik	1.02763e-05	0.0069816	0.993008
4930524B15Rik	2.0727e-05	0.0758872	0.924092
4930525K10Rik	0.00751163	0.953477	0.0390114
4930526D03Rik	1.0134e-05	0.00425019	0.99574
4930529M08Rik	4.25219e-05	0.147981	0.851977
4930534B04Rik	0.0205986	0.966763	0.012638
4930538K18Rik	1.1592e-05	0.0224914	0.977497
4930542N07Rik	1.00006e-05	0.000114121	0.999876
4930544M13Rik	1.45735e-05	0.0444577	0.955528
4930550C14Rik	1.00167e-05	0.000988167	0.999002
4930556L07Rik	0.00187462	0.834853	0.163272
4930558O21Rik	0.077946	0.919286	0.00276797
4930563D23Rik	0.000238324	0.418563	0.581199
4930578C19Rik	1.00029e-05	0.000292091	0.999698
4930578I06Rik	1.02729e-05	0.00692168	0.993068
4930578N16Rik	1.17171e-05	0.0236323	0.976356
4930579C15Rik	1.00016e-05	0.000202614	0.999787
4930579J09Rik	0.0142746	0.966655	0.0190706
4930591A17Rik	0.0265187	0.963968	0.00951322
4931406B18Rik	0.00143115	0.791955	0.206614
4931408A02Rik	0.00402273	0.919233	0.0767439
4931428L18Rik	1.25311e-05	0.0304149	0.969573
4931429I11Rik	1.00043e-05	0.000383235	0.999607
4931431C16Rik	1.00909e-05	0.00324804	0.996742
4931432M23Rik	0.000833999	0.688474	0.310692
4931433A01Rik	1.60974e-05	0.0533388	0.946645
4931440F15Rik	0.00722006	0.952025	0.0407545
4932409I22Rik	0.000622332	0.62575	0.373627
4932413O14Rik	1.12794e-05	0.0194848	0.980504
4932414N04Rik	1.00021e-05	0.000236305	0.999754
4932431H17Rik	1.00068e-05	0.000523471	0.999467
4932438H23Rik	9.46193e-05	0.253644	0.746262
4932701A20Rik	1.00107e-05	0.000720993	0.999269
4933400E14Rik	1.47643e-05	0.0456279	0.954357
4933402J07Rik	0.000637294	0.630938	0.368425
4933402N03Rik	1.61527e-05	0.0536432	0.946341
4933403G14Rik	0.0106653	0.962912	0.0264229
4933403O03Rik	1.01835e-05	0.00527849	0.994711
4933404M02Rik	1.00171e-05	0.00100337	0.998987
4933405O20Rik	4.47942e-05	0.153923	0.846032
4933407H18Rik	0.00322482	0.900234	0.0965417
4933407I18Rik	3.58059e-05	0.12915	0.870814
4933409K07Rik	0.000364166	0.507896	0.49174
4933414I15Rik	6.38144e-05	0.197595	0.802341
4933417A18Rik	1.00206e-05	0.00114865	0.998841
4933421I07Rik	0.000275316	0.448231	0.551493
4933425L06Rik	1.00191e-05	0.00108598	0.998904
4933427D06Rik	0.012208	0.965072	0.0227203
4933430I17Rik	1.00288e-05	0.00145208	0.998538
4933431E20Rik	1.04909e-05	0.0102993	0.98969
4933433K01Rik	0.151967	0.846825	0.00120768
4933436I01Rik	1.00032e-05	0.000315206	0.999675
4933437F05Rik	0.719277	0.280679	4.40844e-05
4933437K13Rik	0.00210602	0.851238	0.146656
4933437N03Rik	1.26809e-05	0.0315662	0.968421
5033413D22Rik	0.0162479	0.967258	0.0164941
5330417C22Rik	1.0636e-05	0.0122531	0.987736
5330421F07Rik	0.00273061	0.883123	0.114147
5330438D12Rik	0.0124514	0.965325	0.0222239
5430402E10Rik	1.00063e-05	0.000498142	0.999492
5430416O09Rik	1.104e-05	0.0169955	0.982993
5730442P18Rik	7.13152e-05	0.212575	0.787354
5730557B15Rik	2.26767e-05	0.0841034	0.915874
5730577I03Rik	3.143e-05	0.115622	0.884347
5730596B20Rik	0.000248981	0.427465	0.572287
5830403L16Rik	1.1343e-05	0.0201166	0.979872
5830405N20Rik	9.74657e-05	0.258202	0.741701
5830406J20Rik	1.05871e-05	0.0116144	0.988375
5830418K08Rik	0.0228826	0.965888	0.0112297
5830443L24Rik$5830443L24Rik	0.000601387	0.618255	0.381144
5930403N24Rik	1.01084e-05	0.0036717	0.996318
5930422O12Rik	1.00022e-05	0.000245365	0.999745
6030419C18Rik	0.00552935	0.939884	0.0545867
6330403K07Rik	0.00132682	0.778756	0.219917
6330407J23Rik	0.177142	0.821876	0.000981585
6330408A02Rik	0.000171616	0.354665	0.645164
6330439K17Rik	1.10872e-05	0.0175008	0.982488
6330500D04Rik	0.000607128	0.620337	0.379056
6330503C03Rik	0.00148159	0.79783	0.200689
6330512M04Rik	0.000919679	0.708628	0.290452
6330545A04Rik	0.000675244	0.643511	0.355813
6332401O19Rik	0.00212899	0.852699	0.145172
6430502M16Rik	1.1732e-05	0.0237661	0.976222
6430537H07Rik	0.000777318	0.673681	0.325541
6430550H21Rik	1.00074e-05	0.000556917	0.999433
6430553K19Rik	1.00025e-05	0.000269461	0.999721
6430571L13Rik	1.59488e-05	0.0525153	0.947469
6430573F11Rik	1.01629e-05	0.00486384	0.995126
6530401C20Rik	0.00046805	0.56298	0.436552
6820408C15Rik	0.00260212	0.87769	0.119708
8030451F13Rik	0.00010118	0.264024	0.735874
8430415E04Rik	0.00191512	0.837959	0.160126
9030205A07Rik	1.03807e-05	0.00867634	0.991313
9030224M15Rik	1.21356e-05	0.0272416	0.972746
9030605E09Rik	1.00084e-05	0.000607333	0.999383
9130014G24Rik	1.00014e-05	0.000183817	0.999806
9130019O22Rik$6430604K15Rik	1.00057e-05	0.000466544	0.999523
9130019P16Rik	1.06377e-05	0.0122748	0.987715
9130206N08Rik	1.45706e-05	0.0444397	0.955546
9130221D24Rik	0.00178919	0.827924	0.170287
9130409I23Rik	1.00007e-05	0.000125735	0.999864
9230105E10Rik	1.65553e-05	0.0558265	0.944157
9230112E08Rik	1.0208e-05	0.00575038	0.994239
9330128J19Rik	0.00280881	0.886205	0.110986
9330175E14Rik	4.59228e-05	0.156805	0.843149
9330182L06Rik	1.00134e-05	0.000845402	0.999145
9430022F06Rik	5.59721e-05	0.18072	0.819224
9430028L06Rik	1.01048e-05	0.00358558	0.996404
9430069J07Rik	0.000121907	0.294205	0.705673
9430070O13Rik	1.00015e-05	0.000192386	0.999798
9530003J23Rik	1.00131e-05	0.000835344	0.999155
9530008L14Rik	1.05317e-05	0.0108677	0.989122
9530056K15Rik	1.03385e-05	0.00801374	0.991976
9530066K23Rik	0.000719084	0.657077	0.342204
9530077C05Rik	0.00219278	0.856617	0.14119
9530096D07Rik	0.000142649	0.321175	0.678682
9630013D21Rik	1.0001e-05	0.000151092	0.999839
9630025I21Rik	0.00514241	0.935809	0.0590487
9630041N07Rik	1.00064e-05	0.000503123	0.999487
9830102E05Rik	1.00002e-05	7.95705e-05	0.99991
9830134C10Rik	0.00125701	0.769039	0.229704
9930023K05Rik	0.0012697	0.770862	0.227868
9930039A11Rik	0.00720792	0.951962	0.0408303
A030001H23Rik	1.00008e-05	0.000135112	0.999855
A030009H04Rik	0.00166753	0.817074	0.181258
A030010K20Rik	1.00176e-05	0.00102713	0.998963
A130042E20Rik	2.45814e-05	0.0916207	0.908355
A130090K04Rik	1.00351e-05	0.00166849	0.998321
A230051G13Rik	0.0247524	0.964967	0.0102804
A230067G21Rik	0.066306	0.930347	0.00334697
A230069A22Rik	1.01657e-05	0.00492095	0.995069
A230097K15Rik	0.00740368	0.952956	0.0396402
A2bp1	1.10264e-05	0.0168474	0.983142
A330021E22Rik	3.74998e-05	0.134098	0.865864
A330049M08Rik	0.000710938	0.65463	0.344659
A330104H05Rik	1.00112e-05	0.000745572	0.999244
A430010J10Rik	1.00016e-05	0.000202018	0.999788
A430107O13Rik	0.000242383	0.42199	0.577768
A430107P09Rik	1.00167e-05	0.000988125	0.999002
A4gnt	0.000365545	0.508717	0.490917
A530016L24Rik	5.66316e-05	0.182193	0.81775
A530023O14Rik	7.24126e-05	0.214683	0.785244
A530050D06Rik	0.0433124	0.951225	0.0054627
A530054K11Rik	0.262803	0.73665	0.000546259
A530088I07Rik	0.000107588	0.273753	0.726139
A630023P12Rik	1.22901e-05	0.0285054	0.971482
A630033E08Rik$A630033E08Rik	0.103661	0.894375	0.00196395
A630077B13Rik	0.0304577	0.961403	0.00813886
A730011L01Rik	0.00290399	0.889749	0.107347
A730017C20Rik	1.12441e-05	0.0191294	0.980859
A730037C10Rik	0.0101807	0.961989	0.0278302
A830006F12Rik	1.00341e-05	0.00163574	0.998354
A830018L16Rik	1.1081e-05	0.0174357	0.982553
A830036E02Rik	1.23921e-05	0.0293223	0.970665
A830039N20Rik	1.02395e-05	0.00633255	0.993657
A830059I20Rik	0.00404344	0.919627	0.0763299
A930001M12Rik	0.000327235	0.4848	0.514873
A930002I21Rik	1.0291e-05	0.00723105	0.992759
A930017N06Rik	1.4565e-05	0.0444055	0.95558
A930018P22Rik	1.25007e-05	0.0301779	0.96981
A930038C07Rik	0.00102898	0.731103	0.267868
AA388235	0.00870507	0.958165	0.0331303
AA415398	0.000231204	0.412441	0.587328
AA536749	0.000628409	0.627874	0.371498
AA986860	1.00546e-05	0.00227767	0.997712
AB124611	1.32152e-05	0.0354885	0.964498
AI427515	0.000222015	0.404322	0.595456
AI451617$AI451617	1.03144e-05	0.00762166	0.992368
AI586015	1.00098e-05	0.000679052	0.999311
AI747448	1.00003e-05	8.60708e-05	0.999904
AI747448$AI747448	1.00014e-05	0.000183627	0.999806
AI842396	0.00459699	0.928794	0.0666091
AI846148	0.540674	0.459205	0.000120905
AU015228	1.08982e-05	0.0154221	0.984567
AU017455	0.000422425	0.540365	0.459212
AU018829	0.0470983	0.947937	0.00496494
AU021034	0.000227487	0.409187	0.590585
AU042651	1.52162e-05	0.0483283	0.951657
AV249152	1.90722e-05	0.0684041	0.931577
AW049604	0.0109639	0.963415	0.0256207
AW124722	0.0173654	0.967326	0.0153081
AW125753	0.00421219	0.922685	0.0731025
AW146299	0.000961868	0.717697	0.281341
AY026312	2.15078e-05	0.0792482	0.92073
AY702102	1.0002e-05	0.000231467	0.999759
AY702103	1.98134e-05	0.071821	0.928159
Aadac	1.98976e-05	0.0722023	0.927778
Aatk	0.0141913	0.966613	0.0191961
Abca14	1.00014e-05	0.000184966	0.999805
Abca16	1.00024e-05	0.000257035	0.999733
Abca4	0.00014541	0.32456	0.675295
Abca6	1.00627e-05	0.00250897	0.997481
Abca8a	1.02771e-05	0.00699555	0.992994
Abca8b	1.66717e-05	0.0564477	0.943536
Abcc12	1.11493e-05	0.0181553	0.981834
Abcc3	0.000198919	0.382727	0.617074
Abcc6	1.02772e-05	0.00699614	0.992994
Abcc8	0.000345259	0.496343	0.503312
Abcc9	7.20068e-05	0.213906	0.786022
Abcg3	0.000151548	0.331931	0.667918
Abcg5	1.02046e-05	0.00568615	0.994304
Abhd2	0.00885718	0.958644	0.0324987
Abhd3	0.000552493	0.599608	0.399839
Abhd7	1.59856e-05	0.0527201	0.947264
Abhd9	0.00300704	0.893347	0.103646
Abi3bp	1.00017e-05	0.000212456	0.999778
Ablim3	1.03814e-05	0.00868737	0.991302
Abpd	1.00114e-05	0.000756219	0.999234
Acacb	0.549587	0.450298	0.000115299
Acan	0.117684	0.880638	0.00167808
Accn1	0.000122734	0.295337	0.70454
Accn2	0.834011	0.165967	2.13128e-05
Ace2	1.76566e-05	0.0615374	0.938445
Ache	1.65979e-05	0.0560545	0.943929
Acot5	1.00143e-05	0.000884252	0.999106
Acot6	0.00104438	0.734015	0.264941
Acox2	0.000228428	0.410015	0.589756
Acoxl	0.00252309	0.874098	0.123378
Acp5	0.767008	0.232959	3.27764e-05
Acpl2	0.0102896	0.962208	0.027502
Acr	0.00314867	0.897929	0.0989223
Acrv1	1.1039e-05	0.0169841	0.983005
Acsbg2	0.00150833	0.800822	0.197669
Acsl6	0.00180675	0.829392	0.168801
Acsm1	1.80009e-05	0.0632523	0.93673
Acsm3	5.58584e-05	0.180465	0.819479
Acss1	1.75528e-05	0.0610142	0.938968
Acss2	0.167319	0.83162	0.00106142
Acta2	1.01429e-05	0.00444404	0.995546
Actc1	0.000258172	0.434903	0.564839
Actl6b	1.04977e-05	0.0103951	0.989594
Actl7a	0.00129488	0.774405	0.2243
Actn2	0.0714379	0.925495	0.00306747
Actrt1	0.000288865	0.458295	0.541416
Actrt2	1.0146e-05	0.00451027	0.99548
Acvr1c	1.30718e-05	0.0344616	0.965525
Adad1	1.00276e-05	0.00140885	0.998581
Adam18	1.03233e-05	0.00776786	0.992222
Adam1a	0.00252956	0.8744	0.12307
Adam1b	3.56117e-05	0.128573	0.871391
Adam2	1.00701e-05	0.00271157	0.997278
Adam24	1.0074e-05	0.00281541	0.997175
Adam25	1.00001e-05	6.50278e-05	0.999925
Adam28	1.46843e-05	0.0451395	0.954846
Adam3	1.01299e-05	0.00416034	0.99583
Adam33	0.00331417	0.902807	0.0938784
Adam34	1.00039e-05	0.000360165	0.99963
Adam5	1.00006e-05	0.000113223	0.999877
Adam7	3.09626e-05	0.114105	0.885865
Adamts12	1.10892e-05	0.017522	0.982467
Adamts2	0.0145255	0.966773	0.018702
Adamts20	1.00048e-05	0.000411985	0.999578
Adamts3	1.00439e-05	0.00195466	0.998035
Adamts4	0.00433257	0.924718	0.0709498
Adamts6	1.00234e-05	0.0012542	0.998736
Adamts7	0.00372444	0.913076	0.0831999
Adamts8	0.0420636	0.952289	0.00564757
Adamtsl5	0.0208757	0.966675	0.0124498
Adat1	0.0342652	0.95861	0.00712531
Adck2	0.00713521	0.951575	0.0412894
Adcy1	0.000492886	0.574403	0.425105
Adcy4	0.00109192	0.742657	0.256251
Adcy5$Adcy5	2.35038e-05	0.0874237	0.912553
Adcy9	0.00578393	0.942238	0.0519781
Adcyap1	1.12555e-05	0.019244	0.980745
Add2	0.0021682	0.855131	0.142701
Adh1	0.00201404	0.845105	0.15288
Adh4	0.000147655	0.327281	0.672571
Adh6a	1.22243e-05	0.0279715	0.972016
Adhfe1	7.27577e-05	0.215342	0.784585
Adora3	0.00022188	0.404201	0.595577
Adra1a	7.19406e-05	0.213779	0.786149
Adra1b	0.00163896	0.81434	0.184021
Adra2a$Adra2a	4.63978e-05	0.158005	0.841949
Adra2b	0.000269531	0.443811	0.55592
Adrb1	1.00515e-05	0.00218433	0.997806
Adrb2	0.00155737	0.806104	0.192338
Adrb3	0.561779	0.438113	0.000108013
Adrbk2	0.00010086	0.263528	0.736371
Afap1l1	0.000611171	0.621791	0.377598
Afp	1.64495e-05	0.0552581	0.944725
Agbl3	1.03283e-05	0.00784964	0.99214
Ager	0.00584439	0.942763	0.0513923
Agmat	0.00632278	0.94652	0.0471573
Agr3	1.00075e-05	0.000561776	0.999428
Agt	0.0124111	0.965284	0.0223047
Agtr1b	1.20115e-05	0.0262017	0.973786
Agtr2	1.00016e-05	0.000199564	0.99979
Agxt	0.00399144	0.918631	0.0773776
Ahrr	1.41768e-05	0.0419612	0.958025
Aifm3	0.00624062	0.945922	0.0478378
Aipl1	0.00499599	0.934087	0.0609173
Akr1b7	6.86832e-05	0.207435	0.792497
Akr1c12$Akr1c12	0.000115379	0.285089	0.714796
Akr1c13$Akr1c12	0.000790393	0.677207	0.322003
Akr1c20	1.0014e-05	0.00087373	0.999116
Akr1c21	0.0003905	0.523122	0.476487
Akr1c6	2.84962e-05	0.105834	0.894138
Akr1d1	1.0226e-05	0.0060876	0.993902
Alas2	1.49902e-05	0.0469901	0.952995
Alb	3.4453e-05	0.125089	0.874877
Alcam	0.0236464	0.965531	0.0108227
Aldh1a1	1.02014e-05	0.00562527	0.994365
Aldh1a2	0.0138151	0.966402	0.0197828
Aldh1b1	0.0316411	0.960563	0.00779624
Aldh1l1	0.0494122	0.945888	0.0047
Aldh1l2	0.0588811	0.937277	0.00384175
Aldh3a1	0.018066	0.96729	0.0146435
Alk	0.000213853	0.396892	0.602894
Alox12	6.16101e-05	0.192987	0.806951
Alox12b	4.03811e-05	0.142197	0.857763
Alox12e	0.00367665	0.911996	0.0843272
Alox15	0.000967522	0.718873	0.28016
Alox5	0.113215	0.885024	0.00176124
Alox8	1.08565e-05	0.0149431	0.985046
Alpi	0.00693784	0.950477	0.0425855
Alx1	1.00065e-05	0.000508263	0.999482
Alx4	0.00117788	0.757041	0.241781
Amacr	0.315474	0.684125	0.000400831
Ambn	1.00098e-05	0.000681433	0.999309
Ambp	1.82886e-05	0.0646626	0.935319
Amigo2	2.47242e-05	0.0921667	0.907809
Ampd1	1.03431e-05	0.0080871	0.991903
Amy1	1.00051e-05	0.000431583	0.999558
Ang	3.72158e-05	0.133279	0.866684
Angpt1	7.24163e-05	0.214691	0.785237
Angpt2	0.00051176	0.582706	0.416783
Angpt4	0.000961109	0.717538	0.281501
Angptl1	0.000150455	0.330633	0.669216
Angptl3	1.00868e-05	0.00314656	0.996843
Angptl4	1.00013e-05	0.000176032	0.999814
Ank1	0.0104085	0.96244	0.0271514
Ank2	2.39699e-05	0.0892562	0.91072
Ankrd13d	0.0116748	0.964441	0.0238837
Ankrd22	5.44047e-05	0.177175	0.82277
Ankrd33	0.000108651	0.275331	0.724561
Ankrd34	0.00356466	0.909354	0.0870818
Ankrd36	0.00757351	0.953767	0.0386592
Ankrd42	1.00318e-05	0.00155616	0.998434
Ankrd43	1.00001e-05	6.37035e-05	0.999926
Ankrd5	1.04333e-05	0.00946956	0.99052
Ankrd55	1.01732e-05	0.00507247	0.994917
Ankrd56	0.00663186	0.948617	0.0447515
Ankrd7	1.00844e-05	0.00308506	0.996905
Anks3	0.00167768	0.818026	0.180296
Anks4b	0.000627406	0.627525	0.371848
Ankzf1$Ankzf1	0.00320181	0.899548	0.0972497
Anxa13	1.00105e-05	0.000710663	0.999279
Aox1	0.000169878	0.352772	0.647058
Aox3	1.15857e-05	0.0224335	0.977555
Aox4	1.65753e-05	0.0559337	0.94405
Ap1m2	0.3692	0.630502	0.000298211
Ap3b2	0.0149171	0.96693	0.0181525
Apba1	0.00890624	0.958794	0.0322997
Apba2	0.00408692	0.92044	0.0754735
Apbh	1.03014e-05	0.00740588	0.992584
Apc2	0.00205855	0.848131	0.14981
Apoa1	1.03936e-05	0.00887512	0.991114
Apoa4	8.00941e-05	0.228914	0.771006
Apoa5	0.00981838	0.961204	0.0289776
Apob	0.000485639	0.57113	0.428385
Apobec2	0.753303	0.246661	3.57303e-05
Apoc2	1.66084e-05	0.0561105	0.943873
Apoc3	1.04946e-05	0.0103512	0.989638
Apoh	0.00012528	0.298791	0.701084
Apon	0.00799975	0.955614	0.0363862
Aqp11	0.00354825	0.908952	0.0874993
Aqp4	1.1229e-05	0.0189759	0.981013
Aqp6	0.000646429	0.634039	0.365314
Aqp7	2.58104e-05	0.0962461	0.903728
Aqp8	0.00850331	0.957492	0.0340044
Aqp9	0.000328077	0.485351	0.514321
Ar	0.000257568	0.434422	0.565321
Arg1	2.18029e-05	0.0804931	0.919485
Arhgap15	1.0108e-05	0.00366293	0.996327
Arhgap19	0.0046756	0.929913	0.0654118
Arhgap24	0.000997664	0.724995	0.274008
Arhgap25	0.000155941	0.33708	0.662764
Arhgap27	0.130887	0.867646	0.0014667
Arhgap30	0.176782	0.822234	0.000984349
Arhgef15	0.000684898	0.646583	0.352732
Arhgef6	0.00867889	0.95808	0.0332413
Arhgef9	1.03155e-05	0.00763946	0.99235
Arl10	0.000880632	0.699749	0.29937
Armc1$Armc1	0.00136429	0.783668	0.214967
Armc2	0.000215004	0.397953	0.601832
Armc4	1.00344e-05	0.00164727	0.998343
Armc7	0.0258609	0.964353	0.00978599
Armcx6	0.0246388	0.965027	0.0103338
Arnt2	0.00949633	0.960429	0.0300745
Arpm1	9.07607e-05	0.247323	0.752587
Arpp21	1.00503e-05	0.00214947	0.99784
Arr3	0.0013684	0.784195	0.214436
Arrdc2	0.0818523	0.915536	0.00261195
Arrdc5	1.47007e-05	0.0452401	0.954745
Arsg	1.00908e-05	0.00324638	0.996744
Arsj	1.18045e-05	0.0244107	0.975577
Art2b	1.00586e-05	0.00239171	0.997598
Art3	1.00333e-05	0.0016088	0.998381
Arts1	5.74915e-05	0.184098	0.815844
As3mt	0.163218	0.835684	0.0010977
Asah2	5.9649e-05	0.188802	0.811138
Asah3	0.000120163	0.291802	0.708077
Asah3l	0.429053	0.570729	0.000217173
Asb10	0.00119641	0.759952	0.238852
Asb11	4.01872e-05	0.141664	0.858296
Asb12	1.00466e-05	0.00203646	0.997953
Asb13	0.00338632	0.90479	0.0918238
Asb15	1.00215e-05	0.00118161	0.998808
Asb17	1.00051e-05	0.000433601	0.999556
Asb2	0.000593938	0.615521	0.383885
Asb4	1.1153e-05	0.0181941	0.981795
Asb5	1.02636e-05	0.00676074	0.993229
Asb9	0.000137543	0.314795	0.685067
Ascl3	0.00179455	0.828374	0.169832
Asgr1	1.05568e-05	0.0112096	0.98878
Aspa	0.0131681	0.965957	0.0208745
Asphd1	0.0254493	0.964586	0.00996427
Asphd2	0.10688	0.891228	0.00189145
Astn2	1.02207e-05	0.00598876	0.994001
Atad4	0.000453389	0.555954	0.443593
Atg10	0.00121256	0.762437	0.23635
Atg9b	0.000616524	0.6237	0.375684
Atp10a	1.4471e-05	0.0438211	0.956164
Atp1b4	1.00029e-05	0.000294793	0.999695
Atp2a1	0.0143808	0.966706	0.018913
Atp2b3	0.00169309	0.819457	0.17885
Atp2b4	0.000313314	0.475503	0.524183
Atp4a	0.1524	0.846397	0.00120314
Atp6v0a4	1.36002e-05	0.0381596	0.961827
Atp6v0d2	1.0025e-05	0.00131372	0.998676
Atp6v1c2	0.000104614	0.269286	0.73061
Atp6v1e2	0.0014583	0.795155	0.203387
Atp6v1g2	0.000843182	0.690755	0.308401
Atp8a1	0.0108038	0.963151	0.0260449
Atp8a2	0.00158266	0.808728	0.189689
Atp8b1	1.00071e-05	0.000539621	0.99945
Atxn7	0.00243212	0.869705	0.127863
Atxn7l1	0.00113296	0.749712	0.249155
Atxn7l2	0.371606	0.6281	0.000294379
Avp	0.00142082	0.790713	0.207866
Avpr1b	6.9829e-05	0.209687	0.790243
Axin2	0.197767	0.801393	0.000840685
Aym1	0.0655744	0.931035	0.00339053
Azgp1	0.00688757	0.950185	0.0429279
B230209C24Rik	6.5012e-05	0.200057	0.799878
B230218L05Rik	1.00154e-05	0.0009344	0.999056
B230325K18Rik	5.89698e-05	0.187333	0.812608
B3galt1	1.08546e-05	0.0149211	0.985068
B3galt2	9.99995e-06	4.89624e-05	0.999941
B3gat1	0.000112592	0.281093	0.718794
B3gat2	1.00012e-05	0.000166367	0.999824
B3gnt3	0.00466803	0.929807	0.0655253
B3gnt4	0.000228751	0.410298	0.589473
B3gnt6	5.28361e-05	0.173564	0.826383
B3gnt8	1.26133e-05	0.0310499	0.968938
B430211C08Rik	1.00401e-05	0.00183208	0.998158
B4galnt2	0.00207596	0.849285	0.148639
B630019K06Rik	1.11796e-05	0.0184699	0.981519
BB146404	0.263432	0.736024	0.000544155
BB220380	1.0112e-05	0.00375411	0.996236
BC002199	0.0094545	0.960323	0.0302227
BC006779	0.0037694	0.914067	0.0821641
BC013481	0.011106	0.963639	0.0252548
BC013672	1.03299e-05	0.00787398	0.992116
BC014805	0.000146195	0.325515	0.674339
BC015286	1.00114e-05	0.000757124	0.999233
BC016201	0.00505922	0.934844	0.0600971
BC016495	0.000432726	0.545669	0.453898
BC016548	1.01053e-05	0.0035983	0.996392
BC016579	1.00072e-05	0.000547815	0.999442
BC017158	0.0792691	0.918018	0.00271334
BC018465	0.00137421	0.784935	0.21369
BC020535	2.39751e-05	0.0892768	0.910699
BC021608	0.00148968	0.798744	0.199767
BC021785	1.56573e-05	0.0508755	0.949109
BC023179	0.000217135	0.399905	0.599878
BC024997	0.00494259	0.933431	0.0616263
BC025816	0.00125736	0.76909	0.229653
BC026682	0.0206181	0.966757	0.0126246
BC026782	1.00526e-05	0.00221852	0.997771
BC027072	0.00041563	0.5368	0.462785
BC029169	0.00206666	0.84867	0.149263
BC030500	2.39216e-05	0.0890677	0.910908
BC031353	0.0165066	0.967289	0.0162044
BC031901	1.11538e-05	0.0182017	0.981787
BC036313	0.0168469	0.967315	0.0158377
BC037703	0.00871257	0.958189	0.0330986
BC038167	1.53343e-05	0.0490187	0.950966
BC038479	0.000921567	0.709046	0.290033
BC039632	1.23792e-05	0.0292197	0.970768
BC040758	1.09276e-05	0.0157549	0.984234
BC043301	0.000491596	0.573824	0.425685
BC048507	8.93983e-05	0.24505	0.75486
BC048546	2.1841e-05	0.0806527	0.919325
BC048562	1.34874e-05	0.0373888	0.962598
BC048599	1.00234e-05	0.00125367	0.998736
BC048679	0.000402172	0.529574	0.470024
BC049762	0.000959351	0.71717	0.28187
BC050078	0.000814774	0.683597	0.315588
BC050777	1.01268e-05	0.00409257	0.995897
BC050789	1.01653e-05	0.00491299	0.995077
BC051142	0.000641735	0.632452	0.366907
BC052055	4.73749e-05	0.160449	0.839504
BC053393	5.36428e-05	0.17543	0.824517
BC054059	0.000164128	0.346412	0.653424
BC055107	1.22659e-05	0.0283096	0.971678
BC057022	0.00856481	0.957702	0.0337334
BC060267	1.09678e-05	0.0162044	0.983785
BC060632	0.00184417	0.832444	0.165712
BC061039	1.0401e-05	0.00898627	0.991003
BC089491	0.100953	0.897018	0.00202865
BC089597	1.1001e-05	0.0165703	0.983419
BC094916	1.03023e-05	0.00742193	0.992568
BC100530	1.07841e-05	0.0140909	0.985898
BC107230	1.04951e-05	0.0103582	0.989631
Baalc	0.00539722	0.938565	0.0560382
Baat	0.00569053	0.941402	0.0529079
Bace2	1.09771e-05	0.0163079	0.983681
Bach2	0.00402346	0.919247	0.0767293
Bai2	0.0185986	0.967228	0.0141738
Bai3	1.00325e-05	0.00158196	0.998408
Bank1	1.00853e-05	0.00310768	0.996882
Barhl1	5.46579e-05	0.177752	0.822193
Barhl2	1.00177e-05	0.00103048	0.99896
Barx1	0.00889953	0.958774	0.0323268
Batf2	0.0152075	0.967028	0.0177645
Bbox1	0.000208218	0.391636	0.608155
Bbs1	0.0058854	0.943113	0.051002
Bbs12	0.00245997	0.871081	0.126459
Bbs7	0.0143201	0.966677	0.0190028
Bcl11b	0.00217252	0.855395	0.142433
Bcl2a1a	1.00131e-05	0.000835166	0.999155
Bcl9l	0.0140465	0.966535	0.019418
Bcorl1	0.00252244	0.874068	0.12341
Bex6	0.012391	0.965264	0.0223452
Bfsp2	0.00636963	0.946853	0.0467774
Bhlhb4	5.47417e-05	0.177943	0.822003
Bhlhb8	0.00643086	0.94728	0.0462892
Bhmt2	1.05537e-05	0.0111667	0.988823
Bik	0.00126605	0.77034	0.228394
Birc1f	0.00111718	0.747041	0.251842
Blk	0.000642614	0.63275	0.366607
Bmf	0.000986493	0.722755	0.276259
Bmp15	1.11729e-05	0.0183998	0.981589
Bmp5	1.0369e-05	0.00849525	0.991494
Bmp8a	0.0774787	0.919734	0.00278774
Bmpr1b	9.27005e-05	0.250521	0.749386
Bnc1	1.00483e-05	0.00209086	0.997899
Bnipl	0.000330183	0.486725	0.512945
Boc	0.00128582	0.773142	0.225572
Boll	0.00256527	0.87604	0.121395
Bpil1	0.00146397	0.795813	0.202723
Brip1	0.300379	0.699184	0.00043693
Brs3	0.00120532	0.761327	0.237467
Brsk2	1.18838e-05	0.0251055	0.974883
Brunol6	1.00514e-05	0.00218125	0.997809
Bspry	0.0170694	0.967324	0.0156062
Bst1	1.275e-05	0.0320895	0.967898
Btc	1.31151e-05	0.0347736	0.965213
Btg4	1.93358e-05	0.0696319	0.930349
Btk	0.000819999	0.684936	0.314244
Btla	1.68683e-05	0.0574868	0.942496
Btn1a1	1.00163e-05	0.000973316	0.999017
Btnl9	1.00137e-05	0.000860018	0.99913
Bud31$Bud31	0.000964351	0.718214	0.280821
Butr1	1.38538e-05	0.0398589	0.960127
Bzrpl1	0.000384318	0.519633	0.479982
C030003D03Rik	0.0029749	0.89225	0.104775
C030014K22Rik	0.000428833	0.543679	0.455892
C030014M07Rik	0.0098707	0.961323	0.0288065
C030030A07Rik	1.00017e-05	0.000206662	0.999783
C030039L03Rik	0.0621587	0.934233	0.00360812
C030046E11Rik	0.00225881	0.86047	0.137271
C130021I20Rik	0.00294092	0.891065	0.105994
C130038G02Rik	0.0567448	0.939246	0.00400924
C130050O18Rik	1.51983e-05	0.0482232	0.951762
C130071C03Rik	1.00103e-05	0.000701949	0.999288
C130079G13Rik	1.00007e-05	0.000126655	0.999863
C1ql2	0.00052735	0.589333	0.41014
C1qtnf2	2.05434e-05	0.0750821	0.924897
C1qtnf7	1.00093e-05	0.00065618	0.999334
C2	0.000726269	0.659209	0.340064
C230004F18Rik	1.10424e-05	0.0170212	0.982968
C230013L11Rik	0.0026766	0.880897	0.116426
C230086A09Rik	1.0006e-05	0.000484092	0.999506
C230094A16Rik	1.06334e-05	0.0122201	0.987769
C3	6.83174e-05	0.206711	0.793221
C330005M16Rik	0.0039223	0.917266	0.078812
C330043M08Rik	0.000354415	0.502005	0.49764
C3ar1	1.19755e-05	0.0258955	0.974092
C430048L16Rik	0.00276119	0.884348	0.112891
C4bp	2.45329e-05	0.0914347	0.908541
C530028O21Rik	0.403563	0.596189	0.000248331
C630004H02Rik	0.0222183	0.966174	0.0116077
C630028N24Rik	0.044033	0.950606	0.00536102
C630035N08Rik	0.00120614	0.761454	0.23734
C730034F03Rik	0.00248054	0.872079	0.12544
C730048C13Rik$C730048C13Rik	1.00356e-05	0.00168709	0.998303
C76566	0.000415044	0.53649	0.463095
C86695	0.000179591	0.363177	0.636644
C87436	0.00151288	0.801323	0.197164
C87499	1.856e-05	0.0659741	0.934007
C8g	0.0224078	0.966095	0.0114975
C9	1.03966e-05	0.0089207	0.991069
C920005C14Rik	1.1131e-05	0.0179636	0.982025
Cables1	0.00116925	0.755663	0.243168
Cabp1	0.0366313	0.956762	0.00660687
Cabp2	0.0108857	0.963288	0.0258262
Cabp4	0.000311973	0.474589	0.525099
Cabp5	9.96671e-05	0.261669	0.738231
Cabp7	1.01192e-05	0.00391963	0.99607
Cabyr	1.1969e-05	0.0258398	0.974148
Cachd1	0.0154197	0.96709	0.0174906
Cacna1b	0.00205739	0.848054	0.149889
Cacna1c	2.17999e-05	0.0804806	0.919498
Cacna1d	0.00295184	0.891449	0.105599
Cacna1g	0.00781893	0.954862	0.0373192
Cacna1h	3.92717e-05	0.139124	0.860837
Cacna2d3	1.05991e-05	0.0117732	0.988216
Cacnb1	0.0025685	0.876187	0.121245
Cacnb2	1.92933e-05	0.069435	0.930546
Cacng2	0.0570288	0.938985	0.00398622
Cacng3	1.5076e-05	0.0475012	0.952484
Cacng5	0.000172686	0.355823	0.644004
Cacng8	0.00282519	0.886831	0.110344
Cadm3	0.029592	0.962	0.00840783
Cadps2	0.000494292	0.575032	0.424474
Cage1	1.00074e-05	0.000557059	0.999433
Calb1	1.0013e-05	0.000827067	0.999163
Calcb	1.26308e-05	0.0311843	0.968803
Calcr	1.01079e-05	0.00365997	0.99633
Calml3	1.06496e-05	0.0124278	0.987562
Caln1	1.14923e-05	0.021558	0.978431
Calr3	1.32232e-05	0.0355451	0.964442
Camk1g	0.00688042	0.950143	0.042977
Camp	8.06196e-05	0.229856	0.770064
Camta1	0.462422	0.537395	0.000182402
Capn3$Capn3	0.0393802	0.954533	0.00608665
Capn9	0.000102355	0.265836	0.734061
Caps2	0.000571109	0.606907	0.392522
Capza3	1.00138e-05	0.000864737	0.999125
Car10	1.05281e-05	0.0108174	0.989172
Car13	0.0444542	0.950243	0.0053032
Car3	0.0821386	0.91526	0.00260112
Car5a	0.0024706	0.871599	0.125931
Car5b	0.00061699	0.623865	0.375518
Car6	0.000842789	0.690658	0.308499
Car7	0.00229563	0.862535	0.135169
Car8$Car8	1.08045e-05	0.0143333	0.985656
Car9	0.00652931	0.947947	0.045524
Card14	0.0130296	0.965847	0.021123
Carf	1.01456e-05	0.00450086	0.995489
Carkl	2.56799e-05	0.0957627	0.904212
Cartpt	1.02089e-05	0.00576728	0.994223
Caskin1	0.00115224	0.752907	0.245941
Casp1	1.00175e-05	0.00102262	0.998967
Casp12	0.00130016	0.775135	0.223565
Casp14	1.81727e-05	0.064097	0.935885
Casp4	1.21097e-05	0.0270262	0.972962
Casq1	0.0217678	0.966354	0.011878
Casr	0.00139892	0.788034	0.210567
Casz1$Casz1	0.0109576	0.963405	0.0256371
Catsper1	7.11334e-05	0.212224	0.787705
Catsper2	0.00629972	0.946354	0.0473466
Catsper3	1.12517e-05	0.0192054	0.980783
Cav3	2.76394e-05	0.102847	0.897126
Cblc	0.293781	0.705765	0.000453965
Cbln1	0.112811	0.88542	0.00176908
Cbln3	1.37042e-05	0.0388616	0.961125
Cbr2	0.000535175	0.592584	0.406881
Cbs	0.518557	0.481307	0.000135921
Cbx1$Cbx1	0.00946808	0.960357	0.0301744
Ccbe1	0.000280395	0.45205	0.54767
Ccbp2	0.000928415	0.71055	0.288522
Ccdc103	0.000526487	0.588971	0.410502
Ccdc106	0.108727	0.889421	0.00185186
Ccdc108	1.11326e-05	0.0179801	0.982009
Ccdc110	1.00781e-05	0.00292345	0.997066
Ccdc113	1.04654e-05	0.00993679	0.990053
Ccdc114	0.194844	0.804297	0.000858763
Ccdc125	6.55869e-05	0.201229	0.798705
Ccdc130	0.0291883	0.962273	0.00853902
Ccdc18	0.922378	0.0776094	1.25852e-05
Ccdc25	1.16444e-05	0.0229732	0.977015
Ccdc28a$Ccdc28a	0.00450099	0.927372	0.0681272
Ccdc28b	0.000136562	0.313551	0.686313
Ccdc33	0.0232732	0.965709	0.011018
Ccdc39	1.00104e-05	0.000707092	0.999283
Ccdc40	0.047017	0.948008	0.00497474
Ccdc45	0.537271	0.462606	0.000123111
Ccdc46	1.00354e-05	0.00167945	0.998311
Ccdc60	0.00331755	0.902902	0.0937801
Ccdc64b	0.000230391	0.411733	0.588037
Ccdc67	1.4613e-05	0.0447014	0.955284
Ccdc69	0.0124874	0.96536	0.0221523
Ccdc7	1.00023e-05	0.000254435	0.999736
Ccdc70	1.02758e-05	0.00697183	0.993018
Ccdc73	1.00628e-05	0.00251101	0.997479
Ccdc79	1.07069e-05	0.0131496	0.98684
Ccdc83	1.28352e-05	0.0327271	0.96726
Ccdc88b	0.00313912	0.897633	0.0992282
Ccdc88c	0.648202	0.351731	6.70064e-05
Ccdc93	0.00311408	0.896847	0.100039
Cckbr	0.0173107	0.967327	0.0153624
Ccl1	0.000828135	0.687001	0.312171
Ccl11	1.01608e-05	0.00482031	0.99517
Ccl12	1.00136e-05	0.000853353	0.999137
Ccl24	0.014922	0.966932	0.0181459
Ccl25	0.0160229	0.967223	0.016754
Ccl28	0.000723626	0.658428	0.340848
Ccl3	0.000338153	0.491856	0.507806
Ccl5	0.000902605	0.704806	0.294292
Ccl6	1.05531e-05	0.0111596	0.98883
Ccl8	6.838e-05	0.206835	0.793097
Ccnb3	1.00043e-05	0.000384502	0.999605
Ccnj	0.00654946	0.94808	0.0453703
Ccnjl	0.00112488	0.748352	0.250523
Ccno	0.977581	0.0224083	1.02639e-05
Ccr1	1.02323e-05	0.00620176	0.993788
Ccr1l1	1.0845e-05	0.0148094	0.98518
Ccr4	0.000192085	0.375979	0.623829
Ccr5	1.00072e-05	0.000547093	0.999443
Ccr6	0.00163953	0.814395	0.183965
Ccr7	1.47028e-05	0.0452529	0.954732
Ccr8	1.06045e-05	0.0118444	0.988145
Ccr9	1.02015e-05	0.00562671	0.994363
Ccrl1	0.0173446	0.967327	0.0153287
Ccrl2	0.00191906	0.838255	0.159826
Cct6b	0.00131155	0.776695	0.221994
Cd160	0.000669725	0.641733	0.357598
Cd163	1.00014e-05	0.000187472	0.999803
Cd164l2	0.000219707	0.402242	0.597538
Cd177	1.00287e-05	0.00144817	0.998542
Cd180	2.29407e-05	0.0851732	0.914804
Cd1d2	0.00015437	0.33525	0.664595
Cd2	2.02249e-05	0.0736711	0.926309
Cd200r3	1.00022e-05	0.000242806	0.999747
Cd200r4	1.00002e-05	7.27859e-05	0.999917
Cd209a	3.26547e-05	0.119526	0.880441
Cd209d	0.000312979	0.475275	0.524412
Cd209e	1.00389e-05	0.00179429	0.998196
Cd22	0.00535093	0.938085	0.0565638
Cd247	1.04031e-05	0.00901942	0.99097
Cd27	1.0037e-05	0.00173217	0.998258
Cd274	0.000191116	0.375009	0.6248
Cd28	1.00338e-05	0.00162667	0.998363
Cd300a	1.0277e-05	0.00699376	0.992996
Cd300lb	1.05523e-05	0.0111483	0.988841
Cd300lf	0.0035591	0.909218	0.087223
Cd36	1.00024e-05	0.000261683	0.999728
Cd3d	0.00044347	0.551074	0.448482
Cd40	0.00671531	0.949144	0.0441408
Cd40lg	0.00174846	0.824427	0.173825
Cd48	1.00194e-05	0.00110105	0.998889
Cd5	3.09678e-05	0.114122	0.885847
Cd53	1.19735e-05	0.0258784	0.97411
Cd5l	6.66421e-05	0.203364	0.79657
Cd7	0.0118753	0.964691	0.0234333
Cd79b	0.0030045	0.893261	0.103734
