rp9	0.0545071	1.06299e-05	0.945482
p	0.00762082	0.992335	4.38193e-05
l7Rn6	0.00378866	1.00042e-05	0.996201
a	0.0114533	0.988485	6.17292e-05
Zzz3	0.123352	1.33167e-05	0.876635
Zzef1	0.911335	0.0661481	0.0225171
Zyx	0.887028	0.00326851	0.109703
Zyg11b	0.935773	0.0142028	0.0500241
Zxdc	0.937751	0.0248559	0.0373932
Zxdb	0.265401	0.732649	0.00194925
Zwint	0.153863	1.53333e-05	0.846122
Zwilch	0.0101598	1.00263e-05	0.98983
Zw10	0.714026	0.000500739	0.285474
Zswim5	0.0955818	0.90386	0.000557814
Zswim4	0.937618	0.0254166	0.0369651
Zswim3	0.937101	0.0161939	0.0467054
Zswim2	0.000196186	0.999793	1.10157e-05
Zswim1	0.352332	4.86666e-05	0.647619
Zscan22	0.937578	0.0173032	0.0451188
Zscan21	0.878165	0.00280892	0.119026
Zscan20	0.426787	0.569461	0.00375189
Zscan2	0.0191521	0.980748	9.95021e-05
Zscan12	0.892338	0.0883952	0.0192668
Zscan10	0.0470199	1.04717e-05	0.95297
Zrsr2	0.438435	8.23031e-05	0.561483
Zrsr1	0.472326	0.000101236	0.527573
Zranb3	0.934126	0.0125985	0.0532753
Zranb2	0.00366689	1.0004e-05	0.996323
Zranb1	0.915879	0.00616071	0.0779601
Zpbp2	0.00172695	0.998255	1.76759e-05
Zpbp	0.00363774	0.996336	2.59564e-05
Zp3r	0.000711809	0.999275	1.33101e-05
Zp3	0.21438	0.784139	0.00148122
Zp2	0.000508597	0.999479	1.24233e-05
Zp1	0.00420063	0.995771	2.84305e-05
Znrf4	0.0134399	0.986489	7.12604e-05
Znrf2	0.732799	0.000580479	0.26662
Znrf1	0.894426	0.086018	0.0195563
Znrd1	0.00232324	1.00016e-05	0.997667
Znhit4	0.925145	0.0082716	0.0665836
Znhit3	0.0452897	1.04385e-05	0.9547
Znhit2	0.630447	0.000275495	0.369278
Znhit1	0.0345791	1.02604e-05	0.965411
Znfx1	0.799757	0.187995	0.0122488
Zmynd19	0.379986	5.76196e-05	0.619957
Zmynd15	0.020544	0.979349	0.000106558
Zmynd12	0.00351983	0.996455	2.54402e-05
Zmynd11	0.831852	0.00149057	0.166658
Zmynd10	0.125844	0.873386	0.000770805
Zmym5	0.93819	0.0205697	0.0412405
Zmym3	0.66744	0.000355371	0.332205
Zmym2	0.317847	3.94252e-05	0.682113
Zmym1	0.00638509	1.00112e-05	0.993605
Zmpste24	0.170119	1.66526e-05	0.829864
Zmiz2	0.592264	0.00021424	0.407522
Zmiz1	0.159607	0.839366	0.00102663
Zmat5	0.933485	0.0121037	0.0544116
Zmat4	0.00568776	0.994277	3.50479e-05
Zmat3	0.0447734	1.04288e-05	0.955216
Zmat2	0.391501	6.18145e-05	0.608437
Zmat1	0.0129002	0.987031	6.86553e-05
Zkscan6	0.0140401	0.985886	7.41708e-05
Zkscan5	0.869596	0.113671	0.0167332
Zkscan3	0.891365	0.089499	0.0191361
Zkscan17	0.211419	2.08809e-05	0.788561
Zkscan14	0.863045	0.120801	0.0161537
Zkscan1	0.726854	0.263615	0.00953052
Zim1	0.000916286	0.99907	1.41939e-05
Zik1	0.930813	0.0398793	0.0293073
Zic4	0.00110899	0.998876	1.50231e-05
Zic3	0.002594	1.0002e-05	0.997396
Zic2	0.883928	0.00309485	0.112977
Zic1	0.000301979	0.999687	1.1503e-05
Zhx3	0.105689	0.893684	0.000627183
Zhx2	0.352324	0.644823	0.00285347
Zhx1	0.599906	0.000225132	0.399869
Zh2c2	0.937435	0.0261104	0.0364548
Zgpat	0.925772	0.00846673	0.0657609
Zfyve9	0.680783	0.310961	0.00825608
Zfyve28	0.510005	0.485068	0.00492696
Zfyve27	0.596073	0.397524	0.00640309
Zfyve26	0.853441	0.00195149	0.144607
Zfyve21	0.824112	0.00136418	0.174523
Zfyve20	0.936437	0.0150726	0.0484905
Zfyve19	0.874001	0.00262751	0.123371
Zfyve16	0.528396	0.466387	0.0052167
Zfyve1	0.928836	0.00957737	0.0615866
Zfy1	0.00531137	0.994655	3.33621e-05
Zfx$Zfa	0.885975	0.00320779	0.110817
Zfr	0.338542	4.47349e-05	0.661413
Zfpm2	0.226175	0.772239	0.00158554
Zfpl1	0.837444	0.00159293	0.160963
Zfp94	0.0389166	0.960878	0.00020511
Zfp93	0.776271	0.212485	0.0112436
Zfp92	0.0217288	0.978159	0.000112614
Zfp91$Cntf	0.863225	0.00223477	0.13454
Zfp90	0.696032	0.295317	0.00865145
Zfp9	0.226912	0.771496	0.00159214
Zfp87	0.936219	0.0296213	0.0341593
Zfp84	0.828622	0.157631	0.0137465
Zfp820	0.918073	0.00656167	0.0753655
Zfp82	0.56204	0.432179	0.0057808
Zfp819	0.858104	0.00207917	0.139817
Zfp817	0.688963	0.302571	0.00846526
Zfp811	0.0690425	0.930573	0.000384544
Zfp810	0.922538	0.0518886	0.0255737
Zfp81	0.777542	0.211164	0.0112941
Zfp809	0.438955	8.25648e-05	0.560962
Zfp804a	3.47287e-05	0.999955	1.01946e-05
Zfp800	0.74731	0.242504	0.0101861
Zfp790	0.845854	0.139306	0.0148404
Zfp787$LOC100041228	0.223299	0.775141	0.00155989
Zfp786	0.0115488	0.988389	6.21837e-05
Zfp784	0.0229206	0.976961	0.000118751
Zfp78	0.0346434	0.965175	0.000181359
Zfp777	0.826273	0.00139784	0.172329
Zfp775	0.910233	0.0674873	0.0222794
Zfp770	0.746453	0.000649196	0.252897
Zfp768	0.495358	0.499938	0.00470471
Zfp760	0.818729	0.00128531	0.179986
Zfp759	0.0421338	0.957643	0.000223293
Zfp758	0.83932	0.146276	0.0144036
Zfp750	0.276839	0.7211	0.00206029
Zfp75	0.640595	0.352091	0.00731364
Zfp748	0.925664	0.0475866	0.0267492
Zfp740	0.120013	1.31297e-05	0.879974
Zfp74	0.930915	0.0105358	0.0585493
Zfp715	0.85635	0.00202968	0.141621
Zfp711	0.0110062	0.988934	5.96063e-05
Zfp710	0.871181	0.00251489	0.126304
Zfp709	0.00309439	0.996882	2.3584e-05
Zfp708	0.0110647	0.988875	5.98836e-05
Zfp707	0.936253	0.014812	0.0489351
Zfp706$LOC100042741	0.0110146	1.00305e-05	0.988975
Zfp704	0.883963	0.00309674	0.11294
Zfp7	0.798256	0.0010386	0.200706
Zfp697	0.0214401	0.978449	0.000111134
Zfp692	0.790161	0.000959475	0.208879
Zfp691	0.912443	0.00561554	0.0819417
Zfp69	0.867382	0.116087	0.0165315
Zfp689	0.613762	0.379488	0.00675041
Zfp688	0.85844	0.00208888	0.139471
Zfp687	0.921112	0.00720454	0.0716836
Zfp68	0.703235	0.287919	0.00884669
Zfp677	0.557056	0.43725	0.00569425
Zfp672	0.00618215	0.993781	3.72734e-05
Zfp668	0.692459	0.298985	0.00855668
Zfp667	0.928679	0.0431989	0.0281222
Zfp664	0.708185	0.000478845	0.291336
Zfp661	0.390886	0.605811	0.00330293
Zfp655	0.432649	7.94487e-05	0.567272
Zfp653	0.662178	0.330019	0.00780332
Zfp652	0.93666	0.015413	0.0479273
Zfp650	0.798674	0.00104293	0.200283
Zfp647	0.805714	0.00111993	0.193166
Zfp646	0.938172	0.0202289	0.0415993
Zfp644	0.874075	0.00263056	0.123294
Zfp64	0.851253	0.00189564	0.146851
Zfp639	0.194984	1.90376e-05	0.804997
Zfp637	0.937664	0.0175548	0.0447809
Zfp629	0.171384	0.827495	0.00112026
Zfp628	0.938155	0.0222322	0.039613
Zfp623	0.752423	0.000682639	0.246895
Zfp622	0.835426	0.00155482	0.163019
Zfp62	0.938103	0.0227805	0.0391167
Zfp619	0.180482	0.818324	0.00119412
Zfp617	0.848946	0.00183933	0.149215
Zfp612	0.0825537	0.916975	0.000471105
Zfp61	0.911934	0.0654154	0.0226501
Zfp608	0.10323	0.89616	0.000610141
Zfp606	0.596764	0.39682	0.00641634
Zfp598	0.109649	1.25891e-05	0.890339
Zfp597	0.459258	0.536556	0.00418623
Zfp595	0.289963	0.707846	0.00219055
Zfp593	0.903776	0.0751927	0.0210317
Zfp592	0.927447	0.0450273	0.0275259
Zfp59	0.000249695	0.999739	1.12643e-05
Zfp583	0.39899	0.597608	0.00340158
Zfp579	0.673863	0.318053	0.0080841
Zfp575	0.842465	0.142925	0.0146101
Zfp574	0.664595	0.000348316	0.335057
Zfp57	0.0311412	1.02132e-05	0.968849
Zfp568	0.10492	1.23619e-05	0.895067
Zfp566	0.802648	0.00108544	0.196266
Zfp563	0.0272787	0.97258	0.000141566
Zfp560	0.510515	0.000128016	0.489357
Zfp553	0.883935	0.00309523	0.11297
Zfp551	0.0287304	0.97112	0.00014929
Zfp541	0.20299	0.795628	0.00138266
Zfp536	0.000720211	0.999266	1.33465e-05
Zfp532	0.221356	2.21072e-05	0.778622
Zfp53$LOC100044273	0.618572	0.37458	0.006848
Zfp524	0.536344	0.45831	0.00534583
Zfp523	0.884278	0.0974676	0.0182544
Zfp521	0.00174967	0.998233	1.77734e-05
Zfp52	0.00310067	0.996876	2.36113e-05
Zfp518	0.2563	2.7159e-05	0.743673
Zfp516	0.893604	0.00369376	0.102702
Zfp513	0.938044	0.0232517	0.0387048
Zfp512	0.246904	2.56805e-05	0.753071
Zfp509	0.423238	0.573056	0.0037061
Zfp503	0.397572	0.599044	0.00338421
Zfp498	0.849535	0.00185346	0.148612
Zfp474	0.0442278	0.955537	0.000235263
Zfp473	0.410788	6.95319e-05	0.589143
Zfp472	0.7201	0.00052489	0.279375
Zfp469$Tnrc18	0.819956	0.166784	0.0132593
Zfp467	0.00640588	0.993556	3.82846e-05
Zfp462	0.286685	3.26152e-05	0.713283
Zfp46	0.933755	0.0123053	0.0539399
Zfp458	0.000621466	0.999366	1.29173e-05
Zfp455	3.60742e-05	0.999954	1.02027e-05
Zfp454	0.483482	0.511988	0.00452972
Zfp451	0.851475	0.0019012	0.146623
Zfp449	0.863947	0.00225815	0.133795
Zfp446	0.894608	0.0858095	0.0195822
Zfp445	0.0647047	1.08845e-05	0.935284
Zfp444	0.887814	0.0935059	0.0186797
Zfp438	0.82015	0.166581	0.0132697
Zfp428	0.0125512	1.00388e-05	0.987439
Zfp426	0.888785	0.0924141	0.0188014
Zfp422	0.718776	0.000519499	0.280705
Zfp42	1.03698e-05	9.9997e-06	0.99998
Zfp418	0.780192	0.208407	0.0114009
Zfp414	0.638486	0.000290861	0.361223
Zfp410	0.936602	0.0153221	0.0480758
Zfp41	0.92549	0.00837783	0.066132
Zfp408	0.808808	0.17851	0.0126821
Zfp40	0.00603861	0.993925	3.6626e-05
Zfp398	0.0864868	0.913016	0.000496954
Zfp397$LOC100040623	0.878304	0.104104	0.0175925
Zfp39	0.0821289	0.917403	0.000468331
Zfp386	0.934371	0.0336327	0.0319963
Zfp385	0.938081	0.0229627	0.0389559
Zfp384	0.35401	4.91678e-05	0.645941
Zfp37	0.899172	0.0805628	0.0202649
Zfp36l2	0.636234	0.000286457	0.36348
Zfp36l1	0.0414183	1.03687e-05	0.958571
Zfp369	0.917017	0.00636294	0.0766197
Zfp367	0.937956	0.0186455	0.043398
Zfp364	0.101407	1.22007e-05	0.898581
Zfp36	0.926635	0.00875086	0.0646146
Zfp358	0.496129	0.499155	0.00471623
Zfp354c	0.882436	0.0995206	0.0180432
Zfp354b	0.00241656	0.997563	2.06454e-05
Zfp352	0.880999	0.00294399	0.116057
Zfp35	0.54267	0.000156333	0.457174
Zfp346	0.790097	0.000958881	0.208944
Zfp341	0.779806	0.208808	0.0113853
Zfp335	0.938157	0.0200303	0.0418128
Zfp334	0.00141169	0.998572	1.63226e-05
Zfp330	0.00809595	1.00173e-05	0.991894
Zfp329	0.927386	0.0451164	0.0274978
Zfp326	0.494564	0.000116032	0.50532
Zfp324	0.161537	0.837421	0.00104182
Zfp322a	0.610377	0.000241098	0.389381
Zfp319	0.276517	0.721426	0.00205713
Zfp318	0.769314	0.000790808	0.229895
Zfp316	0.00796277	0.991992	4.53901e-05
Zfp313	0.762584	0.000745106	0.236671
Zfp30	0.258148	0.739972	0.00188002
Zfp3	0.184445	0.814328	0.00122672
Zfp296	0.127893	1.35812e-05	0.872093
Zfp295	0.902969	0.00447971	0.0925512
Zfp294	0.871259	0.00251791	0.126223
Zfp291	0.938192	0.0215701	0.0402379
Zfp289	0.327643	4.18541e-05	0.672316
Zfp287	0.0252786	0.97459	0.000131024
Zfp286	0.335929	0.661399	0.00267187
Zfp282	0.336401	0.660922	0.00267702
Zfp281	0.0954109	1.19405e-05	0.904577
Zfp28	0.0215905	0.978298	0.000111904
Zfp277	0.193132	1.88437e-05	0.806849
Zfp276	0.4407	0.555366	0.00393452
Zfp275	0.23548	2.40048e-05	0.764496
Zfp273	0.509943	0.485131	0.004926
Zfp27	0.289561	0.708252	0.00218652
Zfp263	0.92668	0.00876639	0.0645536
Zfp260	0.804725	0.00110862	0.194167
Zfp26	0.649895	0.00031445	0.34979
Zfp259	0.137789	1.41998e-05	0.862197
Zfp251	0.821289	0.165379	0.0133318
Zfp248	0.019318	0.980582	0.00010034
Zfp239	0.934345	0.0127806	0.0528744
Zfp238	0.770216	0.000797224	0.228986
Zfp235	0.746384	0.243461	0.010155
Zfp219	0.429161	7.77762e-05	0.570761
Zfp217	0.341123	4.54459e-05	0.658831
Zfp213	0.446297	0.549694	0.00400943
Zfp212	0.603451	0.000230399	0.396318
Zfp207	0.0641884	1.08705e-05	0.935801
Zfp202	0.0590723	0.940605	0.000322985
Zfp2	0.0757068	0.923866	0.0004268
Zfp192	0.85887	0.125321	0.0158095
Zfp191	0.886143	0.00321735	0.11064
Zfp189	0.0306071	0.969234	0.000159365
Zfp187	0.407495	6.81493e-05	0.592437
Zfp185	0.861812	0.00219011	0.135998
Zfp184	0.937963	0.0237725	0.0382641
Zfp182	0.357429	0.639659	0.00291116
Zfp180	0.93808	0.0229779	0.0389426
Zfp179	0.0302245	0.969618	0.000157303
Zfp169	0.621347	0.371748	0.00690495
Zfp161	0.836494	0.00157482	0.161931
Zfp157	0.917634	0.00647774	0.0758879
Zfp148	0.926674	0.00876429	0.0645619
Zfp143	0.874973	0.107777	0.0172504
Zfp142	0.206616	0.79197	0.00141381
Zfp14	0.00430002	0.995671	2.88691e-05
Zfp13	0.936242	0.0295664	0.034192
Zfp128	0.21329	0.785238	0.0014717
Zfp120	0.832325	0.153709	0.0139664
Zfp12	0.854339	0.130205	0.0154555
Zfp119	0.159178	0.839799	0.00102326
Zfp113	0.0549053	0.944797	0.00029787
Zfp112	0.429458	0.566755	0.00378656
Zfp111	0.365368	0.63163	0.00300192
Zfp110	0.305653	3.66007e-05	0.69431
Zfp11	0.572153	0.421887	0.00595988
Zfp109	0.266408	0.731633	0.00195893
Zfp108	0.0109113	0.98903	5.91568e-05
Zfp106	0.15839	1.56827e-05	0.841594
Zfp101	0.934566	0.0129727	0.0524612
Zfp1	0.791327	0.000970341	0.207702
Zfml	0.205116	2.01474e-05	0.794864
Zfhx4	0.00188235	0.998099	1.83436e-05
Zfhx3	0.848869	0.136079	0.0150523
Zfat1	0.261715	0.736371	0.00191395
Zfand6	0.0140811	1.0048e-05	0.985909
Zfand2b	0.93408	0.0341965	0.0317235
Zfand2a	0.91744	0.00644108	0.0761194
Zfand1	0.638743	0.000291368	0.360966
Zer1	0.000876903	0.999109	1.40241e-05
Zeb2	0.0022416	0.997739	1.98903e-05
Zeb1	0.895205	0.00381113	0.100984
Zdhhc9	0.90975	0.068073	0.0221775
Zdhhc8	0.938175	0.0219384	0.0398867
Zdhhc7	0.936931	0.015873	0.0471962
Zdhhc6$LOC433204	0.935694	0.0141101	0.050196
Zdhhc5	0.813581	0.00121594	0.185203
Zdhhc3	0.875717	0.00269996	0.121583
Zdhhc25	0.00169975	0.998283	1.7559e-05
Zdhhc24	0.803251	0.184337	0.0124126
Zdhhc23	0.777118	0.211605	0.0112772
Zdhhc22	0.485519	0.509922	0.00455941
Zdhhc21	0.899537	0.00416175	0.0963008
Zdhhc20	0.859544	0.00212122	0.138334
Zdhhc2	0.232631	0.765725	0.00164361
Zdhhc19	0.000288998	0.9997	1.14441e-05
Zdhhc17	0.655075	0.337287	0.00763822
Zdhhc16	0.608438	0.000238046	0.391324
Zdhhc15	0.821587	0.165065	0.0133482
Zdhhc14	0.00589037	0.994074	3.59584e-05
Zdhhc13	0.698345	0.000444645	0.30121
Zdhhc12	0.122712	1.32803e-05	0.877275
Zdhhc11	0.00137791	0.998606	1.61777e-05
Zcrb1	0.336065	4.40631e-05	0.663891
Zcchc9	0.666721	0.000353572	0.332926
Zcchc8	0.277928	3.09312e-05	0.722041
Zcchc7	0.790325	0.197849	0.0118261
Zcchc6	0.890757	0.00349914	0.105744
Zcchc5	0.0176459	0.982262	9.19416e-05
Zcchc4	0.560089	0.434164	0.0057468
Zcchc3	0.261012	2.79358e-05	0.73896
Zcchc18	0.144227	0.854866	0.000907762
Zcchc17	0.571458	0.00018747	0.428355
Zcchc14	0.937496	0.017082	0.0454225
Zcchc12	0.753521	0.23608	0.0103989
Zcchc11	0.903086	0.00449125	0.0924229
Zc3hc1	0.261306	2.79852e-05	0.738666
Zc3hav1	0.543199	0.451342	0.00545919
Zc3h8	0.602816	0.000229444	0.396955
Zc3h7b	0.835876	0.00156321	0.16256
Zc3h7a	0.468482	0.527203	0.00431497
Zc3h6	0.0695096	0.930103	0.000387477
Zc3h3	0.907303	0.00494472	0.087752
Zc3h15	0.00401548	1.00047e-05	0.995975
Zc3h14	0.0426388	1.039e-05	0.957351
Zc3h13	0.803862	0.00109891	0.195039
Zc3h12d	0.00077733	0.999209	1.35939e-05
Zc3h12a	0.701172	0.290038	0.00879018
Zc3h11a	0.0108433	1.00296e-05	0.989147
Zc3h10	0.857888	0.00207299	0.140039
Zbtb9$Ggnbp1	0.933906	0.0124227	0.0536709
Zbtb8os	0.00698643	0.992973	4.09203e-05
Zbtb8	0.703207	0.287947	0.00884594
Zbtb7c	0.349812	0.647363	0.0028253
Zbtb7a	0.900364	0.0791814	0.0204551
Zbtb5	0.868534	0.11483	0.0166357
Zbtb48	0.90651	0.0719577	0.0215323
Zbtb46	0.172217	0.826656	0.00112696
Zbtb44	0.42247	7.46662e-05	0.577456
Zbtb43	0.653254	0.000321825	0.346424
Zbtb41	0.926002	0.0471083	0.0268896
Zbtb4	0.382878	0.613915	0.00320691
Zbtb39	0.934378	0.0128089	0.0528129
Zbtb38	0.117383	0.881907	0.000709671
Zbtb37	0.000655538	0.999331	1.30656e-05
Zbtb34	0.841659	0.00167714	0.156664
Zbtb33	0.751049	0.00067474	0.248277
Zbtb32	0.901329	0.0780578	0.0206133
Zbtb3	0.716888	0.273879	0.00923331
Zbtb26	0.839158	0.146449	0.0143931
Zbtb25	0.915999	0.060373	0.0236278
Zbtb24	0.788436	0.19982	0.0117447
Zbtb22	0.784934	0.000912818	0.214153
Zbtb20	0.123148	0.876101	0.000751192
Zbtb2	0.918801	0.00670556	0.0744938
Zbtb17	0.931793	0.0110124	0.0571946
Zbtb16	0.0689537	0.930662	0.000383986
Zbtb12	0.928889	0.00959939	0.0615116
Zbtb1	0.930993	0.0105764	0.0584303
Zbp1	0.735208	0.255001	0.00979041
Zbed4	0.784077	0.000905466	0.215018
Zbed3	0.58356	0.410272	0.00616767
Zar1	0.781662	0.206877	0.0114609
Zap70	0.900082	0.00420965	0.095708
Zan	0.0683916	0.931228	0.000380463
Zadh2	0.938198	0.021354	0.0404483
Zadh1	0.899356	0.08035	0.0202939
ZBTB45	0.833076	0.00151213	0.165411
Yy1	0.0201202	1.00934e-05	0.97987
Ywhaz$LOC100043062	0.000287807	9.99975e-06	0.999702
Ywhaq$LOC100039786	0.000632432	9.9999e-06	0.999358
Ywhah	0.000820407	1e-05	0.99917
Ywhag	0.00566854	1.0009e-05	0.994321
Ywhae	1.10763e-05	9.9997e-06	0.999979
Ywhab	0.000118657	9.99971e-06	0.999871
Ythdf3	0.22054	2.20031e-05	0.779438
Ythdf2	0.0188737	1.00829e-05	0.981116
Ythdf1	0.0134857	1.00443e-05	0.986504
Ythdc1	0.0980576	1.20531e-05	0.90193
Yrdc	0.0483463	1.0498e-05	0.951643
Ypel5	0.706009	0.000471002	0.29352
Ypel4	0.00133634	0.998648	1.59993e-05
Ypel3	0.698477	0.000445083	0.301078
Ypel2	0.916373	0.0599012	0.0237253
Ypel1	0.431551	0.564636	0.00381385
Yod1	0.0340503	0.965772	0.0001781
Yme1l1	0.102359	1.22437e-05	0.897629
Ylpm1	0.903381	0.00452061	0.0920987
Ykt6	0.0305323	1.02053e-05	0.969457
Yipf7	0.853748	0.130841	0.0154107
Yipf5	0.0818942	1.14201e-05	0.918094
Yipf4	0.307433	3.69998e-05	0.69253
Yipf3	0.937682	0.0176098	0.044708
Yipf2	0.928832	0.0429672	0.0282005
Yipf1	0.909144	0.00516812	0.0856875
Yif1b	0.0216817	1.01075e-05	0.978308
Yif1a	0.0190654	1.00844e-05	0.980924
Yes1	0.827535	0.00141806	0.171047
Yeats4	0.0425378	1.03882e-05	0.957452
Yeats2	0.93273	0.0115837	0.0556866
Yars2	0.497006	0.000117788	0.502876
Yars	0.117193	1.29767e-05	0.882794
Yap1	0.0451989	1.04368e-05	0.954791
Yaf2	0.614817	0.000248256	0.384935
Xylt2	0.794965	0.193005	0.0120306
Xtrp3s1	2.25237e-05	0.999967	1.01157e-05
Xrn2	0.144149	1.46288e-05	0.855836
Xrn1	0.938093	0.0194422	0.0424647
Xrcc6bp1	0.740653	0.000618757	0.258728
Xrcc6	0.403719	6.65977e-05	0.596215
Xrcc5	0.0171491	1.00693e-05	0.982841
Xrcc3	0.857976	0.126286	0.0157382
Xrcc2	0.905407	0.00473155	0.0898614
Xrcc1	0.402011	6.59079e-05	0.597923
Xpr1	0.909491	0.0683856	0.0221236
Xpot	0.00986304	1.00249e-05	0.990127
Xpo6	0.140786	1.43988e-05	0.8592
Xpo5	0.378398	5.7064e-05	0.621545
Xpo4$Lats2	0.771026	0.000803043	0.228171
Xpo1	0.000774113	9.99998e-06	0.999216
Xpnpep3	0.842481	0.00169434	0.155825
Xpnpep2	0.628602	0.364342	0.00705611
Xpnpep1	0.00271013	1.00022e-05	0.99728
Xpc	0.906928	0.00490128	0.0881702
Xpa	0.819853	0.166893	0.0132537
Xlr5a	0.0516983	1.05678e-05	0.948291
Xlr4c$LOC100044048	0.0416636	1.03729e-05	0.958326
Xkrx	0.00329287	0.996683	2.44488e-05
Xkr8	0.674877	0.317014	0.00810903
Xkr6	0.0108222	0.989119	5.87352e-05
Xkr5	0.846824	0.00178976	0.151386
Xkr4	3.18585e-05	0.999958	1.01768e-05
Xk	0.0349191	0.964898	0.000182878
Xirp1	0.0102707	0.989673	5.61328e-05
Xdh	0.0124726	0.987461	6.65992e-05
Xcr1	0.00179522	0.998187	1.79691e-05
Xcl1	0.00151443	0.998469	1.67635e-05
Xbp1	0.00898019	1.00209e-05	0.99101
Xab2	0.108579	1.25366e-05	0.891409
Xab1	0.140775	1.43981e-05	0.85921
X99384	0.203958	2.00163e-05	0.796022
X83328	0.75751	0.000712988	0.241778
Wwtr1	0.649612	0.000313838	0.350074
Wwp2	0.936767	0.0155888	0.0476439
Wwp1	0.366139	5.29488e-05	0.633808
Wwox	0.436523	0.559598	0.00387916
Wwc2	0.924587	0.00810581	0.0673067
Wwc1	0.935806	0.014242	0.0499517
Wtip	0.0412252	1.03654e-05	0.958764
Wtap$LOC100043168	0.00431673	1.00054e-05	0.995673
Wscd1	0.415319	0.581076	0.00360507
Wsb2	0.330015	4.24648e-05	0.669943
Wsb1	0.150441	1.50782e-05	0.849543
Wrnip1	0.716333	0.000509742	0.283157
Wrn$LOC100044321	0.719953	0.270724	0.0093233
Wrb	0.767091	0.000775296	0.232134
Wnt9b	0.032615	0.967215	0.000170252
Wnt9a	0.194093	0.804599	0.00130715
Wnt8b	0.000102246	0.999887	1.05606e-05
Wnt8a	0.000524699	0.999463	1.24941e-05
Wnt7b	0.909069	0.068894	0.0220368
Wnt7a	0.749392	0.240351	0.0102567
Wnt6	0.600066	0.393454	0.00647997
Wnt5b	0.00780516	0.99215	4.46654e-05
Wnt5a	0.0328055	0.967023	0.00017129
Wnt4	0.603564	0.389888	0.00654803
Wnt3a	0.0769245	0.922641	0.000434614
Wnt2b	0.00240978	0.99757	2.06161e-05
Wnt2	0.00325348	0.996722	2.4277e-05
Wnt16	0.0677923	0.931831	0.000376714
Wnt11	0.444098	0.551922	0.00397991
Wnt10b	0.160317	0.838651	0.00103221
Wnt10a	0.0140769	0.985849	7.43498e-05
Wnt1	0.00327519	0.9967	2.43717e-05
Wnk4	0.00448341	0.995487	2.96798e-05
Wnk2	0.491451	0.503903	0.00464664
Wnk1	0.0107642	1.00292e-05	0.989226
Wiz	0.910043	0.0677175	0.0222392
Wisp2	0.832225	0.153814	0.0139604
Wisp1	0.63994	0.352761	0.00729932
Wipi2	0.555216	0.000169146	0.444615
Wipi1	0.41871	0.577642	0.00364814
Wipf2	0.931402	0.0107939	0.057804
Wipf1	0.895622	0.0846505	0.0197279
Wif1	2.64011e-05	0.999963	1.01419e-05
Wibg	0.879743	0.0028829	0.117374
Whsc2	0.00442146	1.00056e-05	0.995569
Whsc1l1	0.822281	0.164332	0.0133864
Whsc1	0.938187	0.0205129	0.0412996
Whrn	0.542287	0.452269	0.005444
Whdc1	0.221048	0.777412	0.00153991
Wfs1	0.903423	0.00452489	0.0920517
Wfikkn2	0.164218	0.834719	0.00106301
Wfdc6a	0.000653698	0.999333	1.30576e-05
Wfdc5	0.0647854	0.934857	0.000358011
Wfdc3	0.0345616	0.965258	0.000180909
Wfdc2	0.0569704	1.06873e-05	0.943019
Wfdc15b	0.0469711	0.952778	0.000251101
Wfdc15a	0.715769	0.27503	0.00920078
Wfdc12	0.240735	0.757548	0.0017175
Wfdc1	0.668931	0.323104	0.00796417
Wee2	9.234e-05	0.999897	1.05103e-05
Wee1	0.128854	1.36387e-05	0.871132
Wdtc1	0.593884	0.000216499	0.405899
Wdsub1	0.935137	0.0135114	0.0513513
Wdsof1	0.00650665	1.00116e-05	0.993483
Wdr92	0.275265	3.04375e-05	0.724705
Wdr91	0.847974	0.137037	0.0149887
Wdr86	0.0846622	0.914853	0.000484926
Wdr85	0.876969	0.00275482	0.120276
Wdr82	0.0039435	1.00046e-05	0.996046
Wdr8	0.817514	0.00126844	0.181217
Wdr79	0.88071	0.00292978	0.11636
Wdr78	0.0083097	0.991643	4.69893e-05
Wdr77	0.00348254	1.00036e-05	0.996507
Wdr76	0.907867	0.00501128	0.087122
Wdr75	0.0451303	1.04355e-05	0.954859
Wdr74	0.00555491	1.00086e-05	0.994435
Wdr70	0.368788	5.38123e-05	0.631158
Wdr69	0.000121706	0.999868	1.06578e-05
Wdr68	0.701879	0.000456561	0.297664
Wdr67	0.937512	0.0258267	0.036661
Wdr63	8.64643e-05	0.999903	1.048e-05
Wdr61	0.00551683	1.00085e-05	0.994473
Wdr60	0.565036	0.429131	0.00583337
Wdr6$Dalrd3	0.0465224	1.0462e-05	0.953467
Wdr5b	0.00372876	0.996245	2.63553e-05
Wdr59	0.932294	0.0113091	0.0563966
Wdr57	0.00256057	1.0002e-05	0.997429
Wdr55	0.270247	2.95302e-05	0.729723
Wdr54	0.85496	0.129537	0.0155029
Wdr53	0.930381	0.0102691	0.0593498
Wdr51b	0.909548	0.0683171	0.0221354
Wdr51a	0.841094	0.00166549	0.15724
Wdr5	0.00618754	1.00105e-05	0.993802
Wdr48	0.807702	0.00114313	0.191155
Wdr47	0.916992	0.00635828	0.0766498
Wdr46	0.878439	0.00282155	0.118739
Wdr45l	0.00516668	1.00076e-05	0.994823
Wdr45	0.150753	1.51012e-05	0.849232
Wdr44	0.89635	0.00389884	0.0997515
Wdr42a	0.246847	2.56718e-05	0.753128
Wdr41	0.929888	0.0100363	0.0600758
Wdr40b	0.395563	6.33654e-05	0.604374
Wdr40a	0.81433	0.0012257	0.184444
Wdr4	0.906763	0.071657	0.0215804
Wdr38	0.434136	0.562016	0.00384773
Wdr37	0.920831	0.0541596	0.0250094
Wdr36	0.0447682	1.04287e-05	0.955221
Wdr35	0.834561	0.0015389	0.1639
Wdr34	0.812793	0.0012058	0.186001
Wdr33	0.680403	0.000389829	0.319207
Wdr32	0.928902	0.0428617	0.0282363
Wdr31	0.926544	0.0463348	0.0271211
Wdr3	0.00797423	1.00168e-05	0.992016
Wdr27	0.0148026	0.985119	7.78885e-05
Wdr24	0.866355	0.00233889	0.131307
Wdr23	0.930132	0.01015	0.059718
Wdr22	0.173875	0.824985	0.00114034
Wdr21	0.198442	1.94071e-05	0.801538
Wdr20b	0.000252777	0.999736	1.12785e-05
Wdr20a	0.935294	0.0136721	0.0510335
Wdr19	0.0302494	0.969593	0.000157437
Wdr18	0.448271	8.73948e-05	0.551642
Wdr17	0.000372965	0.999615	1.18225e-05
Wdr16	0.00139619	0.998588	1.62561e-05
Wdr13	0.927663	0.0447106	0.0276266
Wdr12	0.0392497	1.03323e-05	0.96074
Wdr1	0.0398625	1.03424e-05	0.960127
Wdhd1	0.139787	1.43319e-05	0.860199
Wdfy3	0.938028	0.0190214	0.0429502
Wdfy2	0.883744	0.00308504	0.113171
Wdfy1	0.668709	0.000358575	0.330933
Wbscr28	0.180386	0.818421	0.00119334
Wbscr27	0.883191	0.00305575	0.113753
Wbscr22	0.146056	1.47624e-05	0.853929
Wbscr18	0.33544	4.38952e-05	0.664516
Wbscr16	0.873795	0.00261899	0.123586
Wbp7	0.268118	2.9154e-05	0.731853
Wbp5	1.52775e-05	9.9997e-06	0.999975
Wbp4	0.560569	0.000174959	0.439256
Wbp2nl	0.937212	0.0268659	0.0359224
Wbp2	0.261541	2.80246e-05	0.738431
Wbp11	0.0212518	1.01035e-05	0.978738
Wbp1	0.668035	0.00035687	0.331608
Wasl	0.31931	3.97786e-05	0.68065
Wasf3	0.93803	0.0190328	0.0429368
Wasf2	0.03558	1.02751e-05	0.96441
Wasf1	0.121829	1.32306e-05	0.878158
Was	0.0866796	0.912822	0.000498229
Wars2	0.366738	0.630244	0.00301772
Wars$LOC100046672	0.556935	0.00017099	0.442894
Wapal	0.261641	2.80414e-05	0.738331
Wap	0.0204241	0.97947	0.000105947
Wac$LOC100044766	0.620725	0.000258167	0.379017
Vwf	0.304579	0.693081	0.00233929
Vwc2	0.000171878	0.999817	1.09008e-05
Vwa2	0.000564104	0.999423	1.26668e-05
Vwa1	0.0746918	0.924888	0.000420308
Vtn	0.00233833	0.997641	2.03076e-05
Vti1b	0.00624286	1.00107e-05	0.993747
Vti1a	0.481117	0.514388	0.0044954
Vtcn1	0.000708709	0.999278	1.32966e-05
Vta1	0.185373	1.80605e-05	0.814609
Vsx1	0.0151863	0.984734	7.97674e-05
Vstm2	3.28094e-05	0.999957	1.01827e-05
Vsnl1	0.00597782	0.993986	3.63521e-05
Vsig8	0.000161782	0.999827	1.08526e-05
Vsig2	0.157431	0.841559	0.00100958
Vsig1	0.000335621	0.999653	1.1655e-05
Vrk3	0.326333	4.15207e-05	0.673626
Vrk2	0.908397	0.0697025	0.0219006
Vrk1	0.159651	1.57824e-05	0.840333
Vps8	0.938195	0.0207367	0.0410679
Vps72	0.131861	1.38222e-05	0.868125
Vps54	0.601524	0.000227519	0.398248
Vps53	0.901079	0.00429972	0.0946212
Vps4b	0.0526898	1.05893e-05	0.9473
Vps4a	0.460567	9.42109e-05	0.539339
Vps45	0.881278	0.00295785	0.115764
Vps41	0.176259	1.71988e-05	0.823723
Vps39	0.883733	0.00308443	0.113182
Vps37d	0.312889	0.684685	0.00242562
Vps37b	0.908929	0.0690624	0.0220082
Vps37a	0.901592	0.00434738	0.0940602
Vps36	0.614719	0.000248095	0.385033
Vps35	0.00143398	1.00005e-05	0.998556
Vps33b	0.892076	0.00358716	0.104337
Vps33a	0.938175	0.0202862	0.0415384
Vps29	0.0922196	1.18094e-05	0.907769
Vps28	0.00762683	1.00155e-05	0.992363
Vps26b	0.82534	0.00138316	0.173276
Vps26a	0.0671595	1.09527e-05	0.93283
Vps25	0.0417346	1.03741e-05	0.958255
Vps24	0.916765	0.0063171	0.0769176
Vps18	0.865068	0.118605	0.0163272
Vps16	0.52788	0.000142557	0.471977
Vps13c	0.0150661	0.984855	7.91785e-05
Vps11	0.902181	0.00440315	0.0934157
Vpreb3	0.59236	0.401308	0.00633238
Vpreb1	0.370809	0.626126	0.0030649
Vprbp	0.342828	4.59215e-05	0.657126
Vnn3	0.269461	0.728551	0.0019884
Vnn1	0.00487239	0.995096	3.14052e-05
Vldlr	0.0139914	0.985935	7.39339e-05
Vkorc1l1	0.495998	0.00011706	0.503885
Vkorc1	0.039136	1.03304e-05	0.960854
Vit	0.000429572	0.999558	1.20745e-05
Vipr2	0.00339531	0.99658	2.48959e-05
Vipr1	0.000855514	0.999131	1.39318e-05
Vip	0.000159774	0.999829	1.0843e-05
Vim	2.84608e-05	9.9997e-06	0.999962
Vill	0.927254	0.0453085	0.0274374
Vil1	0.00187598	0.998106	1.83162e-05
Vhlh	0.922265	0.0522549	0.0254802
Vgll4	0.77363	0.215231	0.0111397
Vgll2	0.00514534	0.994822	3.26207e-05
Vgll1	0.00240647	0.997573	2.06018e-05
Vgf	0.359763	0.637299	0.0029377
Vezt	0.280993	0.716906	0.00210119
Vezf1	0.634198	0.000282542	0.36552
Veph1	0.000887737	0.999098	1.40708e-05
Vegfc	0.637967	0.000289838	0.361744
Vegfb	0.689453	0.000416353	0.31013
Vegfa	0.81599	0.00124771	0.182762
Vdr	0.0487642	0.950974	0.000261547
Vdp	0.0149104	1.00534e-05	0.98508
Vdac3	0.000211932	9.99973e-06	0.999778
Vdac2	1.21089e-05	9.9997e-06	0.999978
Vdac1	1.38563e-05	9.9997e-06	0.999976
Vcpip1	0.938141	0.0198553	0.0420037
Vcl	0.169406	1.65909e-05	0.830577
Vcan	0.602433	0.391041	0.00652594
Vcam1	0.722095	0.268518	0.00938691
Vbp1	1.51776e-05	9.9997e-06	0.999975
Vax2	0.935927	0.0143888	0.0496839
Vax1	0.0212172	0.978673	0.000109993
Vav3	0.00249377	0.997485	2.0979e-05
Vav2	0.890553	0.0904175	0.019029
Vav1	0.000190955	0.999798	1.09911e-05
Vat1	0.799719	0.00105387	0.199227
Vasp	0.0186708	1.00812e-05	0.981319
Vasn	0.907717	0.0705177	0.0217655
Vash2	0.279119	0.718798	0.0020827
Vash1	0.936448	0.0290458	0.0345064
Vars2	0.934688	0.033003	0.0323093
Vars	0.0333042	1.02424e-05	0.966686
Vapb	0.822999	0.0013473	0.175654
Vapa	0.000253242	9.99974e-06	0.999737
Vangl2	0.911202	0.0054395	0.0833583
Vamp8	0.801057	0.00106813	0.197874
Vamp5	0.113	0.886321	0.000678482
Vamp4	0.829022	0.00144243	0.169536
Vamp3	0.328668	4.21169e-05	0.67129
Vamp2	0.857831	0.126442	0.0157266
Vamp1	0.165374	0.833553	0.0010722
Vac14	0.868889	0.00242883	0.128682
V2r16	5.21723e-05	0.999938	1.02963e-05
V1rd9	0.000167679	0.999821	1.08808e-05
V1rd6	0.225804	0.772613	0.00158223
V1rd4	0.000319674	0.999669	1.15831e-05
V1rd3	0.000478209	0.99951	1.22895e-05
V1rc8$V1rc22	5.26432e-05	0.999937	1.02989e-05
V1rc7	2.72447e-05	0.999963	1.01474e-05
V1rc6	2.971e-05	0.99996	1.01633e-05
V1rc5	2.48657e-05	0.999965	1.01317e-05
V1rc3	1.48448e-05	0.999975	1.00578e-05
V1rc22	1.58435e-05	0.999974	1.00661e-05
V1rc2	3.22202e-05	0.999958	1.01791e-05
V1rc1	0.000312167	0.999676	1.15492e-05
V1rb8	3.37647e-05	0.999956	1.01886e-05
V1rb7	5.95347e-05	0.99993	1.03371e-05
V1rb6	0.0957024	0.903739	0.000558631
V1rb5	2.89768e-05	0.999961	1.01586e-05
V1rb4	0.917408	0.0585898	0.0240024
V1rb3	0.00115839	0.998826	1.52353e-05
V1rb2	2.90015e-05	0.999961	1.01588e-05
V1rb10	4.40314e-05	0.999946	1.02499e-05
V1rb1	2.62923e-05	0.999964	1.01412e-05
V1ra9	0.000535064	0.999452	1.25395e-05
V1ra6	0.00149455	0.998489	1.66782e-05
V1ra5	2.30707e-05	0.999967	1.01195e-05
V1ra4$V1ra3	2.00223e-05	0.99997	1.0098e-05
V1ra2	1.99787e-05	0.99997	1.00977e-05
V1ra1	1.94198e-05	0.99997	1.00936e-05
Uxt	0.0976519	1.20356e-05	0.902336
Uxs1	0.479959	0.000106082	0.519934
Uvrag	0.685777	0.000405316	0.313817
Uty	0.000111583	0.999878	1.06075e-05
Utx	0.351351	4.83756e-05	0.648601
Uts2r	0.0118229	0.988114	6.349e-05
Uts2	0.0013219	0.998662	1.59373e-05
Utrn	0.578868	0.000196551	0.420935
Utp6	0.146417	1.47879e-05	0.853568
Utp18	0.0496626	1.05248e-05	0.950327
Utp15	0.235331	2.39838e-05	0.764645
Utp14b	0.859773	0.002128	0.138099
Utp14a	0.0208494	1.00998e-05	0.97914
Utp11l	0.129462	1.36754e-05	0.870524
Utf1	0.00346346	1.00036e-05	0.996527
Ust	0.901615	0.0777246	0.0206609
Uspl1	0.0227778	1.01179e-05	0.977212
Usp9y	0.00707783	0.992881	4.13367e-05
Usp9x	0.0196799	1.00896e-05	0.98031
Usp8	0.54869	0.000162345	0.451148
Usp7	0.0752055	1.11954e-05	0.924783
Usp6nl	0.92465	0.00812406	0.067226
Usp54	0.892475	0.00361451	0.10391
Usp53	0.378025	0.618826	0.00314942
Usp52	0.480169	0.000106218	0.519725
Usp50	0.00248144	0.997498	2.09257e-05
Usp5	0.125813	1.34586e-05	0.874173
Usp47	0.349409	4.78053e-05	0.650543
Usp46	0.905784	0.00477268	0.0894431
Usp45	0.866027	0.00232763	0.131646
Usp43	0.0132336	0.986696	7.0263e-05
Usp42	0.69803	0.000443603	0.301526
Usp40	0.729154	0.261245	0.00960105
Usp4	0.69437	0.000431707	0.305198
Usp39	0.01606	1.00613e-05	0.98393
Usp37	0.617221	0.000252235	0.382527
Usp33	0.561256	0.000175721	0.438568
Usp32	0.639686	0.000293241	0.360021
Usp30	0.857879	0.126391	0.0157304
Usp3	0.902185	0.0044035	0.0934117
Usp29	0.000845417	0.999141	1.38882e-05
Usp28	0.21225	2.09801e-05	0.787729
Usp27x	0.760068	0.229301	0.010631
Usp26	0.86356	0.120243	0.0161974
Usp25	0.558959	0.435313	0.00572717
Usp22	0.0526604	1.05887e-05	0.947329
Usp21	0.575652	0.000192551	0.424156
Usp20	0.209412	0.78915	0.00143797
Usp2	0.933713	0.0122732	0.0540142
Usp19	0.712931	0.000496539	0.286572
Usp16	0.747964	0.000657449	0.251378
Usp15	0.760513	0.000731766	0.238755
Usp14	0.020555	1.00972e-05	0.979435
Usp13	0.176622	0.822216	0.00116262
Usp12	0.903606	0.00454325	0.0918508
Usp11	0.278225	3.09867e-05	0.721744
Usp10	0.00264977	1.00021e-05	0.99734
Usp1	0.00214282	1.00014e-05	0.997847
Usmg5	0.00410569	1.00049e-05	0.995884
Ushbp1	0.301518	0.696175	0.00230781
Ush2a	0.00887022	0.99108	4.95851e-05
Ush1c	0.02724	0.972619	0.000141361
Usf1	0.828949	0.00144123	0.169609
Uros	0.898204	0.00404824	0.0977483
Urod	0.32278	4.063e-05	0.677179
Uroc1	0.93409	0.0125687	0.0533417
Urm1	0.87075	0.00249834	0.126752
Uqcrq	0.107644	0.891716	0.000640809
Uqcrh	0.000545218	9.99986e-06	0.999445
Uqcrfs1	0.0015076	1.00006e-05	0.998482
Uqcrc2	0.000408673	9.99979e-06	0.999581
Uqcrc1	7.75045e-05	9.99971e-06	0.999912
Uqcrb$LOC100040778	1.02241e-05	9.9997e-06	0.99998
Uqcr	0.000352546	9.99977e-06	0.999637
Uqcc	0.934155	0.0126222	0.0532226
Upp2	0.000289834	0.999699	1.14479e-05
Upp1	1.60259e-05	9.9997e-06	0.999974
Upk3b	0.00823877	0.991715	4.66619e-05
Upk3a	0.0660687	0.933565	0.000365971
Upk2	0.938175	0.0219328	0.039892
Upk1b	0.0485284	0.951211	0.000260169
Upk1a	0.482901	0.512577	0.00452127
Upf3a	0.171298	1.67554e-05	0.828685
Upf2	0.693548	0.00042909	0.306023
Upf1	0.928069	0.0092708	0.0626605
Upb1	0.0562888	0.943405	0.000306168
Uox	0.0351788	0.964637	0.00018431
Unkl	0.849019	0.00184109	0.14914
Unk	0.922478	0.00753434	0.0699874
Ung	0.145923	1.47529e-05	0.854062
Uncx4.1	0.000194285	0.999795	1.10068e-05
Unc93b1	0.738361	0.251748	0.00989122
Unc84b	0.913065	0.00570769	0.0812273
Unc84a	0.139265	1.42971e-05	0.860721
Unc5d	5.79187e-05	0.999932	1.03282e-05
Unc5cl	0.00254094	0.997438	2.1183e-05
Unc5c	0.091024	0.908449	0.000527128
Unc5b	0.933941	0.034462	0.0315974
Unc5a	0.755137	0.234408	0.0104554
Unc50	0.117994	1.30197e-05	0.881993
Unc45b	0.000192353	0.999797	1.09977e-05
Unc45a	0.722269	0.268338	0.00939213
Unc13d	0.122668	0.876585	0.000747714
Unc13c	0.000178624	0.99981	1.09328e-05
Unc13b	0.726512	0.263968	0.00952009
Unc13a	0.0168882	0.983024	8.81678e-05
Unc119b	0.559502	0.000173783	0.440324
Unc119	0.658169	0.000332995	0.341498
Umps	0.34344	4.60936e-05	0.656514
Umodl1	0.000214616	0.999774	1.11019e-05
Umod	2.1456e-05	0.999968	1.01083e-05
Ulk2	0.395275	0.601369	0.00335617
Ulk1	0.260702	2.78841e-05	0.73927
Uimc1	0.0927889	1.18324e-05	0.907199
Uhrf2	0.811182	0.00118545	0.187632
Uhrf1	0.0041326	1.0005e-05	0.995857
Ugt8a	0.735097	0.255116	0.00978689
Ugt3a2	0.00337068	0.996605	2.47884e-05
Ugt2b5	1.90218e-05	0.999971	1.00907e-05
Ugt2b38	0.000220066	0.999769	1.11273e-05
Ugt2b37	4.61611e-05	0.999944	1.02622e-05
Ugt2b36	0.000161863	0.999827	1.0853e-05
Ugt2b35	2.41255e-05	0.999966	1.01267e-05
Ugt2b34	8.93167e-05	0.9999	1.04947e-05
Ugt2b1	7.49934e-05	0.999915	1.04201e-05
Ugt2a3	2.8346e-05	0.999961	1.01546e-05
Ugt2a1	4.76519e-05	0.999942	1.02707e-05
Ugt1a1	0.935417	0.0138018	0.0507812
Ugp2	0.300975	3.55732e-05	0.698989
Ugdh	0.0541889	1.06227e-05	0.9458
Ugcgl2	0.150775	0.848267	0.000957894
Ugcgl1$LOC100044322	0.549633	0.000163309	0.450203
Ugcg	0.902715	0.00445475	0.0928305
Ufm1	0.645569	0.000305246	0.354126
Ufd1l	0.585335	0.000204877	0.41446
Ufc1	0.0172529	1.00701e-05	0.982737
Uevld	0.871151	0.11197	0.0168786
Ucp3	0.590399	0.403305	0.00629534
Ucp2	0.00331511	1.00033e-05	0.996675
Ucp1	0.00362151	0.996353	2.58852e-05
Ucn3	0.00114088	0.998844	1.51601e-05
Ucn	0.0414764	0.958304	0.000219557
Uckl1	0.898567	0.00407868	0.097354
Uck2	0.0735295	1.11424e-05	0.926459
Uck1	0.79617	0.00101736	0.202812
Uchl5	0.00485136	1.00067e-05	0.995139
Uchl4$Uchl3	2.08732e-05	0.999969	1.01041e-05
Uchl1	0.10173	1.22153e-05	0.898258
Ubxd8	0.810249	0.00117388	0.188577
Ubxd6	0.937902	0.0241176	0.0379802
Ubxd5	0.920517	0.0545721	0.0249106
Ubxd4$EG621629	0.0520636	1.05757e-05	0.947926
Ubxd3	0.0402824	0.959505	0.000212799
Ubxd2	0.110061	1.26095e-05	0.889927
Ubxd1	0.382275	5.84305e-05	0.617666
Ubtf	0.217177	2.15808e-05	0.782802
Ubtd2	0.767825	0.000780372	0.231395
Ubtd1	0.847717	0.00181037	0.150473
Ubr5	0.000513967	9.99984e-06	0.999476
Ubr2	0.937817	0.0245473	0.0376353
Ubr1	0.933137	0.011857	0.0550057
Ubqlnl	0.0678872	0.931735	0.000377307
Ubqln4	0.152234	1.52109e-05	0.847751
Ubqln3	2.47291e-05	0.999965	1.01308e-05
Ubqln2	0.0647507	1.08858e-05	0.935238
Ubqln1	0.505206	0.000123889	0.49467
Ubp1	0.148773	1.49566e-05	0.851212
Ubox5	0.870424	0.112765	0.0168103
Ubn1	0.834357	0.00153519	0.164107
Ublcp1$LOC100045709	0.482512	0.000107755	0.517381
Ubl7	0.37422	5.56268e-05	0.625724
Ubl5	0.92708	0.00890556	0.0640146
Ubl4b	0.00517505	0.994792	3.27533e-05
Ubl4	0.199635	1.95367e-05	0.800345
Ubl3	0.189823	1.8504e-05	0.810158
Ubiad1	0.891001	0.0035152	0.105484
Ubfd1	0.363418	5.20759e-05	0.63653
Ube4b	0.553769	0.000167612	0.446063
Ube4a	0.936583	0.0286912	0.0347254
Ube3c	0.735788	0.000594667	0.263617
Ube3b	0.477658	0.000104596	0.522238
Ube3a	0.244421	2.53052e-05	0.755554
Ube2z	0.31859	3.96042e-05	0.681371
Ube2w	0.914606	0.00594796	0.0794462
Ube2v2	0.221423	2.21158e-05	0.778554
Ube2v1	0.00467208	1.00063e-05	0.995318
Ube2u	0.00106	0.998925	1.48125e-05
Ube2t$LOC100047829	0.156414	1.55286e-05	0.84357
Ube2r2	0.26872	2.92598e-05	0.731251
Ube2q2	0.43361	7.99158e-05	0.56631
Ube2q1	0.224379	2.24977e-05	0.775598
Ube2o	0.798223	0.00103826	0.200738
Ube2n	0.0102785	1.00269e-05	0.989711
Ube2m	0.66554	0.326577	0.00788293
Ube2l6	0.000205659	0.999783	1.10601e-05
Ube2l3$LOC100040961	0.00155125	1.00006e-05	0.998439
Ube2j2	0.0769604	1.12523e-05	0.923028
Ube2j1	0.919238	0.00679499	0.0739665
Ube2g2	0.855305	0.00200104	0.142694
Ube2g1	0.00895466	1.00208e-05	0.991035
Ube2f	0.159779	1.57927e-05	0.840205
Ube2e2	0.921916	0.00739517	0.0706887
Ube2e1	0.00206637	1.00013e-05	0.997924
Ube2d3$LOC100041484	8.08274e-05	9.99971e-06	0.999909
Ube2d1	0.553223	0.000167037	0.44661
Ube2c	1.11614e-05	9.9997e-06	0.999979
Ube2b	0.15463	1.53916e-05	0.845355
Ube2a	0.000205302	9.99973e-06	0.999785
Ube1x	5.46189e-05	9.9997e-06	0.999935
Ube1l2	0.2573	2.73218e-05	0.742673
Ube1dc1	0.231886	2.35041e-05	0.768091
Ube1c	0.017477	1.00718e-05	0.982513
Ubd	0.000227278	0.999762	1.11608e-05
Ubash3a	0.242328	0.75594	0.00173215
Ubap2l	0.129795	1.36956e-05	0.870191
Ubap2	0.252393	2.6533e-05	0.74758
Ubap1	0.768286	0.000783585	0.23093
Ubac2	0.719734	0.000523393	0.279743
Ubac1	0.00757316	1.00153e-05	0.992417
Uap1l1	0.845791	0.00176634	0.152443
Uaca	0.890983	0.00351396	0.105503
U2af2	0.00289062	1.00025e-05	0.997099
Tyw3	0.938199	0.0212969	0.0405045
Tyw1	0.936395	0.0291816	0.0344235
Tyrp1	0.000132256	0.999857	1.07097e-05
Tyrobp	0.00620121	0.993761	3.73594e-05
Tyr	0.000100886	0.999889	1.05538e-05
Tyms	0.00482401	0.995145	3.11902e-05
Tyki	0.00354782	0.996427	2.55627e-05
Tyk2	0.885931	0.00320526	0.110864
Txnrd3	0.937905	0.0241024	0.0379926
Txnrd2$LOC100044101	0.733126	0.25715	0.00972466
Txnrd1	0.000679257	9.99993e-06	0.999311
Txnl6	0.118749	0.880532	0.000719458
Txnl5	0.0751469	1.11935e-05	0.924842
Txnl4b	0.926536	0.0463466	0.0271176
Txnl4	0.0425701	1.03888e-05	0.95742
Txnl2$LOC620016	0.0278525	1.01724e-05	0.972137
Txnl1	0.00203897	1.00012e-05	0.997951
Txnip	0.00329696	1.00032e-05	0.996693
Txndc9	0.266501	2.88718e-05	0.73347
Txndc8	0.0614364	0.938226	0.000337397
Txndc5	0.0891384	1.16878e-05	0.91085
Txndc4	0.452341	8.95937e-05	0.547569
Txndc3	0.000252254	0.999736	1.12761e-05
Txndc2	0.0849239	0.914589	0.000486648
Txndc13	0.928444	0.00941798	0.0621381
Txndc12	0.0544677	1.0629e-05	0.945522
Txndc11	0.821056	0.165625	0.0133191
Txndc10	0.923381	0.00776874	0.0688507
Txndc1	0.104016	1.23198e-05	0.895971
Txn2	0.108945	1.25545e-05	0.891042
Txn1	1.39396e-05	9.9997e-06	0.999976
Txlnb	0.233477	0.764871	0.00165128
Txlna	0.823897	0.0013609	0.174742
Txk	0.000334743	0.999654	1.1651e-05
Twsg1	0.821265	0.165404	0.0133305
Twist2	0.842146	0.143265	0.0145889
Twist1	0.892216	0.0885339	0.0192503
Twf2	0.161209	1.59072e-05	0.838775
Twf1	0.0827082	1.14489e-05	0.91728
Tut1	0.887562	0.0033	0.109138
Tusc5	0.00674346	0.993217	3.98151e-05
Tusc4	0.741371	0.000622421	0.258006
Tusc3	0.319168	3.97442e-05	0.680792
Tusc2	0.882315	0.00301028	0.114675
Tusc1	0.911804	0.0655756	0.0226209
Tulp3	0.859562	0.00212175	0.138316
Tulp2	0.179371	0.819444	0.00118503
Tulp1	0.308563	0.689057	0.00238051
Tuft1	0.912814	0.0643363	0.02285
Tufm$LOC100041265	0.0471471	1.04742e-05	0.952842
Tubgcp5	0.872325	0.00255964	0.125115
Tubgcp3	0.879378	0.00286552	0.117756
Tubgcp2	0.270955	2.96563e-05	0.729016
Tubg1	0.249179	2.603e-05	0.750795
Tube1	0.888894	0.0922908	0.0188152
Tubd1	0.597598	0.39597	0.00643235
Tubb6	0.0783896	1.12997e-05	0.921599
Tubb5	1.04365e-05	9.9997e-06	0.99998
Tubb4	0.238244	0.760062	0.00169467
Tubb3	0.639062	0.000292001	0.360646
Tubb2c$LOC100042651	2.99315e-05	9.9997e-06	0.99996
Tubb2a	0.857917	0.12635	0.0157334
Tubb1	0.0161251	0.983791	8.43883e-05
Tuba8	0.166306	0.832614	0.00107961
Tuba4a	0.00052056	9.99984e-06	0.999469
Tub	0.0217478	0.97814	0.000112711
Ttyh3	0.899245	0.00413643	0.0966183
Ttyh2	0.723561	0.267009	0.00943081
Ttyh1$Taf1	0.131313	0.867876	0.000810965
Ttrap	0.00494153	1.0007e-05	0.995048
Ttr	0.836422	0.149359	0.0142189
Ttpa	0.755998	0.000703786	0.243298
Ttn	0.22261	0.775837	0.00155376
Ttll9	0.463449	0.532307	0.00424442
Ttll6	0.753774	0.235819	0.0104077
Ttll5	0.755322	0.234216	0.0104619
Ttll4	0.93188	0.0381241	0.0299955
Ttll3	0.00926995	0.990679	5.14451e-05
Ttll13	0.00318926	0.996787	2.39971e-05
Ttll12	0.809514	0.00116489	0.189321
Ttll11	0.0468185	0.952931	0.000250215
Ttll10	0.00488823	0.99508	3.14756e-05
Ttll1	0.937267	0.0266842	0.0360483
Ttl	0.649879	0.342601	0.00751994
Ttk	0.0965271	1.19875e-05	0.903461
Ttf2	0.374267	5.56429e-05	0.625677
Ttf1	0.936771	0.0155951	0.0476338
Ttc9c	0.452413	8.96329e-05	0.547498
Ttc9b	0.377813	0.619041	0.00314692
Ttc9	0.602453	0.39102	0.00652634
Ttc8	0.806961	0.180448	0.0125913
Ttc7	0.119592	0.879683	0.000725512
Ttc5	0.432852	7.95471e-05	0.567069
Ttc4	0.443194	8.47282e-05	0.556721
Ttc35	0.00150431	1.00006e-05	0.998486
Ttc33	0.88406	0.00310197	0.112838
Ttc32	0.767574	0.000778636	0.231647
Ttc30b	0.935429	0.0314494	0.0331217
